   1.7456949e-03
   2.7700769e-02
   6.0092963e-02
   9.4972596e-02
   1.2899491e-01
   1.6007122e-01
   1.9220436e-01
   2.2450383e-01
   2.5157005e-01
   2.7843428e-01
   3.0304971e-01
   3.3035615e-01
   3.5503608e-01
   3.7978098e-01
   4.0500075e-01
   4.2828119e-01
   4.5012704e-01
   4.7095755e-01
   4.9158871e-01
   5.1173544e-01
   5.3057969e-01
   5.4755092e-01
   5.6019062e-01
   5.7230300e-01
   5.8311814e-01
   5.9448147e-01
   6.0572976e-01
   6.1564934e-01
   6.2293655e-01
   6.2790048e-01
   6.3208348e-01
   6.3586962e-01
   6.4078891e-01
   6.4600539e-01
   6.5005702e-01
   6.5018499e-01
   6.4978075e-01
   6.4969587e-01
   6.4934534e-01
   6.5093440e-01
   6.5324908e-01
   6.5247649e-01
   6.5012592e-01
   6.4790773e-01
   6.4583242e-01
   6.4488077e-01
   6.4633209e-01
   6.4742446e-01
   6.4579350e-01
   6.4346474e-01
   6.4188749e-01
   6.4006960e-01
   6.4066523e-01
   6.4316005e-01
   6.4444554e-01
   6.4281821e-01
   6.4209521e-01
   6.4137149e-01
   6.4154541e-01
   6.4428437e-01
   6.4820451e-01
   6.4883298e-01
   6.4874411e-01
   6.4874452e-01
   6.4815623e-01
   6.4890909e-01
   6.5275568e-01
   6.5478450e-01
   6.5416414e-01
   6.5339774e-01
   6.5159261e-01
   6.4953184e-01
   6.4978421e-01
   6.5035266e-01
   6.4894360e-01
   6.4512748e-01
   6.4002848e-01
   6.3358074e-01
   6.2763578e-01
   6.2332171e-01
   6.1791819e-01
   6.0946870e-01
   5.9887183e-01
   5.8655930e-01
   5.7318038e-01
   5.6083441e-01
   5.4793876e-01
   5.3323132e-01
   5.1554877e-01
   4.9554735e-01
   4.7340694e-01
   4.5141160e-01
   4.2928901e-01
   4.0540934e-01
   3.8061845e-01
   3.5317159e-01
   3.2412282e-01
   2.9422602e-01
   2.6745209e-01
   2.3929040e-01
   2.0902875e-01
   1.7967682e-01
   1.4887452e-01
   1.1831351e-01
   8.7541133e-02
   5.8778718e-02
   3.0897295e-02
   5.2566109e-03
   2.4040382e-02
   5.5713251e-02
   9.1402069e-02
   1.2489664e-01
   1.5734302e-01
   1.9085962e-01
   2.1901189e-01
   2.4601741e-01
   2.7537861e-01
   3.0110121e-01
   3.2550690e-01
   3.5061327e-01
   3.7687084e-01
   4.0044370e-01
   4.2356569e-01
   4.4613051e-01
   4.6653339e-01
   4.8704344e-01
   5.0826275e-01
   5.2743345e-01
   5.4267704e-01
   5.5640709e-01
   5.6867373e-01
   5.7951182e-01
   5.9143275e-01
   6.0367173e-01
   6.1316574e-01
   6.1989403e-01
   6.2523210e-01
   6.2912178e-01
   6.3308990e-01
   6.3877743e-01
   6.4413583e-01
   6.4671242e-01
   6.4808118e-01
   6.4786351e-01
   6.4706969e-01
   6.4761275e-01
   6.4967614e-01
   6.5146583e-01
   6.5093845e-01
   6.4917195e-01
   6.4624250e-01
   6.4380169e-01
   6.4393514e-01
   6.4515036e-01
   6.4544839e-01
   6.4407265e-01
   6.4181429e-01
   6.3950366e-01
   6.3840771e-01
   6.3970810e-01
   6.4179742e-01
   6.4274961e-01
   6.4116037e-01
   6.3994634e-01
   6.3995290e-01
   6.4099288e-01
   6.4348245e-01
   6.4664644e-01
   6.4781731e-01
   6.4731902e-01
   6.4710796e-01
   6.4756596e-01
   6.4884335e-01
   6.5197694e-01
   6.5458280e-01
   6.5439022e-01
   6.5237993e-01
   6.5100044e-01
   6.4935768e-01
   6.4944011e-01
   6.5007681e-01
   6.4868915e-01
   6.4395255e-01
   6.3916439e-01
   6.3314629e-01
   6.2756228e-01
   6.2280053e-01
   6.1731583e-01
   6.0827798e-01
   5.9693676e-01
   5.8509940e-01
   5.7178169e-01
   5.5822432e-01
   5.4612857e-01
   5.3121042e-01
   5.1211268e-01
   4.9278781e-01
   4.7141001e-01
   4.4898045e-01
   4.2792326e-01
   4.0517542e-01
   3.7931323e-01
   3.5208210e-01
   3.2454985e-01
   2.9591653e-01
   2.6597562e-01
   2.4007945e-01
   2.1204564e-01
   1.8121336e-01
   1.5159604e-01
   1.2184782e-01
   9.2629693e-02
   6.2699556e-02
   3.6491554e-02
   9.6814530e-03
   1.6903389e-02
   4.7327351e-02
   8.0235280e-02
   1.1425584e-01
   1.4891632e-01
   1.7975199e-01
   2.0818108e-01
   2.3788589e-01
   2.6232439e-01
   2.9070774e-01
   3.1660768e-01
   3.4305966e-01
   3.6716384e-01
   3.9238620e-01
   4.1564500e-01
   4.3858641e-01
   4.6199048e-01
   4.8382658e-01
   5.0647110e-01
   5.2818191e-01
   5.4647207e-01
   5.6189799e-01
   5.7647079e-01
   5.9039456e-01
   6.0420531e-01
   6.1852002e-01
   6.3100868e-01
   6.3895553e-01
   6.4575613e-01
   6.5152019e-01
   6.5693861e-01
   6.6367233e-01
   6.7036676e-01
   6.7343104e-01
   6.7306626e-01
   6.7222303e-01
   6.7021370e-01
   6.6872948e-01
   6.6851038e-01
   6.6661942e-01
   6.6021585e-01
   6.5268981e-01
   6.4458054e-01
   6.3474423e-01
   6.2559593e-01
   6.1702096e-01
   6.0580885e-01
   5.9101743e-01
   5.7505959e-01
   5.5738246e-01
   5.3957510e-01
   5.2272141e-01
   5.0434816e-01
   4.8236156e-01
   4.5844755e-01
   4.3374443e-01
   4.0785268e-01
   3.8271454e-01
   3.5768551e-01
   3.3033922e-01
   3.0120525e-01
   2.7394643e-01
   2.4469423e-01
   2.1500118e-01
   1.8779932e-01
   1.5948038e-01
   1.3014610e-01
   1.0006845e-01
   7.1627945e-02
   4.4418558e-02
   1.8818002e-02
   7.9395361e-03
   3.5120204e-02
   6.7185849e-02
   1.0011986e-01
   1.3262323e-01
   1.6371398e-01
   1.9099939e-01
   2.2112228e-01
   2.5087228e-01
   2.7758434e-01
   3.0271459e-01
   3.2681775e-01
   3.5169178e-01
   3.7574756e-01
   4.0026590e-01
   4.2601979e-01
   4.4909382e-01
   4.7079962e-01
   4.9173287e-01
   5.1154673e-01
   5.3211403e-01
   5.5274171e-01
   5.7001626e-01
   5.8340001e-01
   5.9617299e-01
   6.0837930e-01
   6.2010354e-01
   6.3253462e-01
   6.4338225e-01
   6.5070051e-01
   6.5589529e-01
   6.6007751e-01
   6.6343671e-01
   6.6722012e-01
   6.7253828e-01
   6.7480892e-01
   6.7319661e-01
   6.7095423e-01
   6.6697478e-01
   6.6297024e-01
   6.6007781e-01
   6.5673983e-01
   6.4951342e-01
   6.4000809e-01
   6.2941575e-01
   6.1755699e-01
   6.0580903e-01
   5.9542936e-01
   5.8192575e-01
   5.6553179e-01
   5.4814625e-01
   5.2840018e-01
   5.0716275e-01
   4.8775122e-01
   4.6757692e-01
   4.4514692e-01
   4.2001224e-01
   3.9378977e-01
   3.6573961e-01
   3.3840793e-01
   3.1272891e-01
   2.8560579e-01
   2.5599259e-01
   2.2808713e-01
   1.9937049e-01
   1.6938911e-01
   1.4097647e-01
   1.1230581e-01
   8.3979011e-02
   5.4544061e-02
   2.8247196e-02
   2.9329434e-03
   2.2868464e-02
   5.3724896e-02
   8.6695910e-02
   1.1937901e-01
   1.5278569e-01
   1.8339114e-01
   2.1030274e-01
   2.3929587e-01
   2.6495582e-01
   2.9431790e-01
   3.1993288e-01
   3.4397826e-01
   3.6582825e-01
   3.9049387e-01
   4.1408026e-01
   4.3908432e-01
   4.6426579e-01
   4.8639974e-01
   5.0599176e-01
   5.2452952e-01
   5.4223979e-01
   5.5988848e-01
   5.7829916e-01
   5.9476376e-01
   6.0728413e-01
   6.1790437e-01
   6.2795252e-01
   6.3675749e-01
   6.4629054e-01
   6.5616030e-01
   6.6285467e-01
   6.6599476e-01
   6.6883385e-01
   6.6984093e-01
   6.7138344e-01
   6.7393190e-01
   6.7524993e-01
   6.7287624e-01
   6.6875267e-01
   6.6332173e-01
   6.5653372e-01
   6.5099484e-01
   6.4625072e-01
   6.3850129e-01
   6.2705427e-01
   6.1471713e-01
   6.0065085e-01
   5.8604312e-01
   5.7302588e-01
   5.5839396e-01
   5.3999496e-01
   5.2073652e-01
   4.9959242e-01
   4.7613618e-01
   4.5391649e-01
   4.3153208e-01
   4.0719724e-01
   3.8071671e-01
   3.5321930e-01
   3.2472709e-01
   2.9557550e-01
   2.6961106e-01
   2.4244742e-01
   2.1258251e-01
   1.8428153e-01
   1.5548262e-01
   1.2606479e-01
   9.6053623e-02
   6.8227842e-02
   4.0824592e-02
   1.5071577e-02
   1.1344062e-02
   3.9195519e-02
   7.1604207e-02
   1.0449941e-01
   1.3735729e-01
   1.7036998e-01
   1.9733138e-01
   2.2492298e-01
   2.5394204e-01
   2.8008419e-01
   3.0602902e-01
   3.3131132e-01
   3.5822427e-01
   3.8104013e-01
   4.0255329e-01
   4.2692080e-01
   4.4988674e-01
   4.7288042e-01
   4.9642870e-01
   5.1760817e-01
   5.3559911e-01
   5.5216098e-01
   5.6746310e-01
   5.8255696e-01
   5.9823292e-01
   6.1360806e-01
   6.2452757e-01
   6.3310277e-01
   6.4137685e-01
   6.4763784e-01
   6.5473843e-01
   6.6323894e-01
   6.6866559e-01
   6.7078829e-01
   6.7139965e-01
   6.7085725e-01
   6.6953510e-01
   6.6964996e-01
   6.6992778e-01
   6.6647035e-01
   6.6098815e-01
   6.5346426e-01
   6.4488989e-01
   6.3632834e-01
   6.2909716e-01
   6.2020183e-01
   6.0787261e-01
   5.9313548e-01
   5.7737416e-01
   5.5961263e-01
   5.4395759e-01
   5.2707601e-01
   5.0804311e-01
   4.8637173e-01
   4.6333221e-01
   4.3862832e-01
   4.1384095e-01
   3.9029011e-01
   3.6388031e-01
   3.3671042e-01
   3.0948865e-01
   2.8009024e-01
   2.4999622e-01
   2.2329359e-01
   1.9628832e-01
   1.6678444e-01
   1.3749307e-01
   1.0849510e-01
   7.9802357e-02
   5.0706856e-02
   2.4743099e-02
   1.5028567e-03
   2.7816076e-02
   5.9021618e-02
   9.1640674e-02
   1.2353721e-01
   1.5675075e-01
   1.8772998e-01
   2.1552698e-01
   2.4514483e-01
   2.6934549e-01
   2.9734531e-01
   3.2200915e-01
   3.4633067e-01
   3.7025526e-01
   3.9663857e-01
   4.2033133e-01
   4.4282386e-01
   4.6596086e-01
   4.8644969e-01
   5.0715345e-01
   5.2916044e-01
   5.4901314e-01
   5.6474233e-01
   5.7906669e-01
   5.9237891e-01
   6.0432988e-01
   6.1703467e-01
   6.3088799e-01
   6.4071327e-01
   6.4765978e-01
   6.5377086e-01
   6.5791041e-01
   6.6182899e-01
   6.6778386e-01
   6.7262900e-01
   6.7384470e-01
   6.7306125e-01
   6.7052400e-01
   6.6682380e-01
   6.6455615e-01
   6.6319245e-01
   6.5964276e-01
   6.5292215e-01
   6.4359868e-01
   6.3361388e-01
   6.2242454e-01
   6.1282331e-01
   6.0262477e-01
   5.8924669e-01
   5.7342857e-01
   5.5570108e-01
   5.3646868e-01
   5.1787049e-01
   4.9919546e-01
   4.7894341e-01
   4.5683220e-01
   4.3182516e-01
   4.0527090e-01
   3.7853336e-01
   3.5200208e-01
   3.2483822e-01
   2.9680353e-01
   2.6914266e-01
   2.3948906e-01
   2.0855051e-01
   1.8100296e-01
   1.5199730e-01
   1.2190222e-01
   9.1072276e-02
   6.2196523e-02
   3.4731559e-02
   9.5296102e-03
   1.8294040e-02
   4.8675727e-02
   8.2688779e-02
   1.1673681e-01
   1.4936283e-01
   1.8091688e-01
   2.0731565e-01
   2.3667771e-01
   2.6625484e-01
   2.9414341e-01
   3.1834355e-01
   3.4289196e-01
   3.6594847e-01
   3.8747701e-01
   4.1057569e-01
   4.3673074e-01
   4.5941395e-01
   4.7946531e-01
   4.9871299e-01
   5.1569939e-01
   5.3195643e-01
   5.4942024e-01
   5.6531727e-01
   5.7810450e-01
   5.8855242e-01
   5.9798747e-01
   6.0518742e-01
   6.1388415e-01
   6.2406045e-01
   6.3193685e-01
   6.3609636e-01
   6.3972431e-01
   6.4160120e-01
   6.4313251e-01
   6.4684176e-01
   6.5050137e-01
   6.5234339e-01
   6.5263432e-01
   6.5077537e-01
   6.4885235e-01
   6.4821225e-01
   6.4954245e-01
   6.5034693e-01
   6.4986688e-01
   6.4770377e-01
   6.4491004e-01
   6.4243501e-01
   6.4174759e-01
   6.4238143e-01
   6.4290047e-01
   6.4263725e-01
   6.4042854e-01
   6.3789368e-01
   6.3746363e-01
   6.3869405e-01
   6.4077717e-01
   6.4290440e-01
   6.4278471e-01
   6.4161581e-01
   6.4140010e-01
   6.4213324e-01
   6.4418334e-01
   6.4774972e-01
   6.4931130e-01
   6.4912134e-01
   6.4808458e-01
   6.4753562e-01
   6.4779794e-01
   6.5010369e-01
   6.5307021e-01
   6.5195167e-01
   6.4944476e-01
   6.4652193e-01
   6.4323181e-01
   6.4131451e-01
   6.4086455e-01
   6.3759696e-01
   6.3139313e-01
   6.2407225e-01
   6.1600828e-01
   6.0706449e-01
   5.9968865e-01
   5.9220177e-01
   5.8065003e-01
   5.6693453e-01
   5.5170918e-01
   5.3521037e-01
   5.1813269e-01
   5.0211000e-01
   4.8348254e-01
   4.6178335e-01
   4.3870658e-01
   4.1358918e-01
   3.8731068e-01
   3.6248428e-01
   3.3684245e-01
   3.0845922e-01
   2.7873325e-01
   2.5029537e-01
   2.2088890e-01
   1.8973339e-01
   1.6126452e-01
   1.3191208e-01
   1.0058106e-01
   6.9810048e-02
   4.1355506e-02
   1.4823775e-02
   1.2254039e-02
   4.1809268e-02
   7.6250494e-02
   1.1240757e-01
   1.4538969e-01
   1.7575361e-01
   2.0730969e-01
   2.3476045e-01
   2.6418120e-01
   2.9314151e-01
   3.1976876e-01
   3.4189385e-01
   3.6574280e-01
   3.8873115e-01
   4.1347361e-01
   4.3791193e-01
   4.6166790e-01
   4.8141983e-01
   4.9949408e-01
   5.1770532e-01
   5.3415221e-01
   5.5092239e-01
   5.6678522e-01
   5.7974881e-01
   5.8935541e-01
   5.9859353e-01
   6.0690171e-01
   6.1509854e-01
   6.2490541e-01
   6.3254124e-01
   6.3668591e-01
   6.3952565e-01
   6.4158905e-01
   6.4344049e-01
   6.4700073e-01
   6.5141058e-01
   6.5267819e-01
   6.5208989e-01
   6.5119487e-01
   6.4936471e-01
   6.4838469e-01
   6.5025651e-01
   6.5134764e-01
   6.4996397e-01
   6.4805758e-01
   6.4561927e-01
   6.4295918e-01
   6.4280862e-01
   6.4471740e-01
   6.4486849e-01
   6.4389300e-01
   6.4246041e-01
   6.4027798e-01
   6.3949311e-01
   6.4128906e-01
   6.4372718e-01
   6.4431405e-01
   6.4411938e-01
   6.4330870e-01
   6.4236850e-01
   6.4392346e-01
   6.4703035e-01
   6.4999723e-01
   6.5094262e-01
   6.5058035e-01
   6.4982122e-01
   6.4951932e-01
   6.5049922e-01
   6.5322733e-01
   6.5463948e-01
   6.5440762e-01
   6.5155387e-01
   6.4831018e-01
   6.4596933e-01
   6.4423835e-01
   6.4351398e-01
   6.4043915e-01
   6.3425350e-01
   6.2654179e-01
   6.1892581e-01
   6.1075634e-01
   6.0335594e-01
   5.9527010e-01
   5.8395523e-01
   5.7010406e-01
   5.5480963e-01
   5.3855586e-01
   5.2253073e-01
   5.0613618e-01
   4.8801175e-01
   4.6611133e-01
   4.4247514e-01
   4.1875976e-01
   3.9317873e-01
   3.6717686e-01
   3.4203190e-01
   3.1421328e-01
   2.8355435e-01
   2.5404689e-01
   2.2555694e-01
   1.9613376e-01
   1.6597898e-01
   1.3702314e-01
   1.0629660e-01
   7.4951917e-02
   4.6139173e-02
   1.9703755e-02
   8.3227428e-03
   3.7061110e-02
   7.0959963e-02
   1.0533098e-01
   1.4028530e-01
   1.7260188e-01
   2.0053259e-01
   2.3176359e-01
   2.5865161e-01
   2.8644764e-01
   3.1362188e-01
   3.3849227e-01
   3.5964435e-01
   3.8468453e-01
   4.0953344e-01
   4.3436244e-01
   4.5713761e-01
   4.7772712e-01
   4.9570036e-01
   5.1351863e-01
   5.3104222e-01
   5.4809409e-01
   5.6376475e-01
   5.7709086e-01
   5.8670926e-01
   5.9554428e-01
   6.0404050e-01
   6.1353177e-01
   6.2267685e-01
   6.3020307e-01
   6.3443661e-01
   6.3703036e-01
   6.3910633e-01
   6.4175880e-01
   6.4565384e-01
   6.4948004e-01
   6.5076828e-01
   6.4990473e-01
   6.4852393e-01
   6.4761072e-01
   6.4737141e-01
   6.4879453e-01
   6.5004891e-01
   6.4848894e-01
   6.4592433e-01
   6.4394212e-01
   6.4187890e-01
   6.4093322e-01
   6.4313591e-01
   6.4369154e-01
   6.4183241e-01
   6.3996965e-01
   6.3809919e-01
   6.3737690e-01
   6.3922781e-01
   6.4210474e-01
   6.4246351e-01
   6.4129037e-01
   6.4126599e-01
   6.4103925e-01
   6.4165455e-01
   6.4538532e-01
   6.4865172e-01
   6.4867550e-01
   6.4845240e-01
   6.4798278e-01
   6.4762241e-01
   6.4979905e-01
   6.5241551e-01
   6.5331739e-01
   6.5211207e-01
   6.4993423e-01
   6.4699620e-01
   6.4464915e-01
   6.4393067e-01
   6.4293963e-01
   6.3889217e-01
   6.3320190e-01
   6.2598294e-01
   6.1810064e-01
   6.1065966e-01
   6.0390282e-01
   5.9560990e-01
   5.8430767e-01
   5.7078058e-01
   5.5533487e-01
   5.3975743e-01
   5.2468616e-01
   5.0826377e-01
   4.8926023e-01
   4.6821865e-01
   4.4450644e-01
   4.1991761e-01
   3.9568341e-01
   3.7067515e-01
   3.4378108e-01
   3.1713563e-01
   2.8824016e-01
   2.5689399e-01
   2.2804114e-01
   1.9962759e-01
   1.6993098e-01
   1.3932090e-01
   1.0967038e-01
   7.8749411e-02
   4.9078539e-02
   2.2476152e-02
   4.5011272e-03
   3.3156101e-02
   6.7150533e-02
   1.0218735e-01
   1.3458508e-01
   1.6634263e-01
   1.9977523e-01
   2.2764254e-01
   2.5782996e-01
   2.8360382e-01
   3.1078374e-01
   3.3573055e-01
   3.5924417e-01
   3.8153616e-01
   4.0794605e-01
   4.3273276e-01
   4.5463660e-01
   4.7575143e-01
   4.9464297e-01
   5.1225120e-01
   5.3033143e-01
   5.4850030e-01
   5.6384706e-01
   5.7624835e-01
   5.8727258e-01
   5.9605831e-01
   6.0441238e-01
   6.1480725e-01
   6.2412471e-01
   6.3067728e-01
   6.3529199e-01
   6.3816881e-01
   6.4014065e-01
   6.4342898e-01
   6.4779806e-01
   6.5155149e-01
   6.5248758e-01
   6.5164357e-01
   6.5014720e-01
   6.4953667e-01
   6.4984769e-01
   6.5183485e-01
   6.5189427e-01
   6.5012836e-01
   6.4742321e-01
   6.4468539e-01
   6.4363486e-01
   6.4380604e-01
   6.4489973e-01
   6.4562726e-01
   6.4361531e-01
   6.4116782e-01
   6.3969702e-01
   6.3967174e-01
   6.4157295e-01
   6.4436281e-01
   6.4450169e-01
   6.4309144e-01
   6.4235824e-01
   6.4227939e-01
   6.4351636e-01
   6.4722520e-01
   6.5038168e-01
   6.5045547e-01
   6.4970678e-01
   6.4991605e-01
   6.5013236e-01
   6.5110838e-01
   6.5432572e-01
   6.5520918e-01
   6.5321535e-01
   6.5127677e-01
   6.4863068e-01
   6.4643973e-01
   6.4692539e-01
   6.4589822e-01
   6.4118230e-01
   6.3492364e-01
   6.2879318e-01
   6.2094218e-01
   6.1335999e-01
   6.0752904e-01
   5.9897369e-01
   5.8688921e-01
   5.7379812e-01
   5.5893177e-01
   5.4292017e-01
   5.2841443e-01
   5.1264578e-01
   4.9359936e-01
   4.7238562e-01
   4.4942832e-01
   4.2526758e-01
   4.0051466e-01
   3.7642217e-01
   3.5016394e-01
   3.2123929e-01
   2.9320192e-01
   2.6343077e-01
   2.3231471e-01
   2.0428635e-01
   1.7547613e-01
   1.4452879e-01
   1.1388642e-01
   8.4482796e-02
   5.4519117e-02
   2.6994431e-02
   3.6277119e-03
   2.8600443e-02
   6.1308898e-02
   9.6307077e-02
   1.3029349e-01
   1.6147208e-01
   1.9046438e-01
   2.2363146e-01
   2.5246412e-01
   2.8091002e-01
   3.0440748e-01
   3.3077341e-01
   3.5449922e-01
   3.7826195e-01
   4.0247032e-01
   4.2799747e-01
   4.5035997e-01
   4.7080889e-01
   4.9058369e-01
   5.0821584e-01
   5.2643555e-01
   5.4470402e-01
   5.6035250e-01
   5.7197976e-01
   5.8307594e-01
   5.9267330e-01
   6.0135627e-01
   6.1198992e-01
   6.2171268e-01
   6.2776440e-01
   6.3212872e-01
   6.3588011e-01
   6.3801819e-01
   6.4129937e-01
   6.4654386e-01
   6.4972645e-01
   6.4973980e-01
   6.4983636e-01
   6.4875400e-01
   6.4712071e-01
   6.4825732e-01
   6.5015274e-01
   6.5009260e-01
   6.4834172e-01
   6.4577985e-01
   6.4336342e-01
   6.4210790e-01
   6.4333791e-01
   6.4427978e-01
   6.4291441e-01
   6.4171064e-01
   6.3953060e-01
   6.3734984e-01
   6.3829446e-01
   6.4067274e-01
   6.4219075e-01
   6.4212108e-01
   6.4118558e-01
   6.4059949e-01
   6.4057642e-01
   6.4315432e-01
   6.4631528e-01
   6.4864403e-01
   6.4879680e-01
   6.4802420e-01
   6.4752781e-01
   6.4793640e-01
   6.5000784e-01
   6.5266728e-01
   6.5323246e-01
   6.5175903e-01
   6.4942372e-01
   6.4762348e-01
   6.4597952e-01
   6.4528900e-01
   6.4456069e-01
   6.4020276e-01
   6.3402569e-01
   6.2744415e-01
   6.2004733e-01
   6.1327267e-01
   6.0719812e-01
   5.9861040e-01
   5.8701801e-01
   5.7352304e-01
   5.5950481e-01
   5.4474241e-01
   5.2997804e-01
   5.1458323e-01
   4.9523643e-01
   4.7347605e-01
   4.5133454e-01
   4.2752615e-01
   4.0251008e-01
   3.7875214e-01
   3.5287219e-01
   3.2409254e-01
   2.9498538e-01
   2.6655009e-01
   2.3726234e-01
   2.0713672e-01
   1.7864425e-01
   1.4883630e-01
   1.1757669e-01
   8.6789623e-02
   5.7508070e-02
   3.0236647e-02
   3.2381157e-03
   2.4550622e-02
   5.6988962e-02
   9.1737412e-02
   1.2558511e-01
   1.5877119e-01
   1.9118740e-01
   2.1780024e-01
   2.4892029e-01
   2.7747095e-01
   3.0411538e-01
   3.2692149e-01
   3.5196212e-01
   3.7618095e-01
   4.0088955e-01
   4.2580938e-01
   4.4836614e-01
   4.6870813e-01
   4.8796430e-01
   5.0711501e-01
   5.2539611e-01
   5.4349160e-01
   5.5959618e-01
   5.7208043e-01
   5.8231503e-01
   5.9214896e-01
   6.0230714e-01
   6.1237723e-01
   6.2216640e-01
   6.2889135e-01
   6.3295472e-01
   6.3590294e-01
   6.3898498e-01
   6.4256716e-01
   6.4778656e-01
   6.5162319e-01
   6.5142763e-01
   6.5025544e-01
   6.4975858e-01
   6.4900690e-01
   6.5024441e-01
   6.5220797e-01
   6.5210646e-01
   6.4967161e-01
   6.4731771e-01
   6.4483768e-01
   6.4329648e-01
   6.4500624e-01
   6.4638257e-01
   6.4499313e-01
   6.4310634e-01
   6.4169979e-01
   6.3977808e-01
   6.4009839e-01
   6.4264554e-01
   6.4473850e-01
   6.4400178e-01
   6.4315814e-01
   6.4202762e-01
   6.4185524e-01
   6.4480442e-01
   6.4838344e-01
   6.4960301e-01
   6.4958650e-01
   6.4900911e-01
   6.4849806e-01
   6.4975393e-01
   6.5295774e-01
   6.5469170e-01
   6.5436190e-01
   6.5279210e-01
   6.5091109e-01
   6.4847213e-01
   6.4777660e-01
   6.4783663e-01
   6.4642996e-01
   6.4254194e-01
   6.3637751e-01
   6.2961674e-01
   6.2271512e-01
   6.1691564e-01
   6.1070311e-01
   6.0175425e-01
   5.9011668e-01
   5.7681429e-01
   5.6226701e-01
   5.4810661e-01
   5.3408468e-01
   5.1816702e-01
   4.9914974e-01
   4.7798303e-01
   4.5522252e-01
   4.3222719e-01
   4.0837291e-01
   3.8352376e-01
   3.5823944e-01
   3.3025789e-01
   2.9999369e-01
   2.7030879e-01
   2.4256028e-01
   2.1420123e-01
   1.8351941e-01
   1.5402277e-01
   1.2311202e-01
   9.2366762e-02
   6.2689044e-02
   3.4746397e-02
   8.7893512e-03
   2.0256422e-02
   5.0638299e-02
   8.5147731e-02
   1.2093140e-01
   1.5352792e-01
   1.8359154e-01
   2.1589687e-01
   2.4330969e-01
   2.7065450e-01
   2.9838926e-01
   3.2350135e-01
   3.4625432e-01
   3.7167212e-01
   3.9696464e-01
   4.2065185e-01
   4.4319355e-01
   4.6466795e-01
   4.8417357e-01
   5.0277567e-01
   5.2277267e-01
   5.4062307e-01
   5.5516547e-01
   5.6846756e-01
   5.7918978e-01
   5.8853084e-01
   5.9937525e-01
   6.1061418e-01
   6.1963004e-01
   6.2554282e-01
   6.3007390e-01
   6.3360631e-01
   6.3688630e-01
   6.4167476e-01
   6.4650357e-01
   6.4896262e-01
   6.4956987e-01
   6.4898652e-01
   6.4750051e-01
   6.4777142e-01
   6.4958835e-01
   6.5061182e-01
   6.5025461e-01
   6.4803189e-01
   6.4533752e-01
   6.4352947e-01
   6.4291459e-01
   6.4399433e-01
   6.4507812e-01
   6.4346433e-01
   6.4096040e-01
   6.3922060e-01
   6.3843936e-01
   6.3926494e-01
   6.4155585e-01
   6.4256728e-01
   6.4170080e-01
   6.4040744e-01
   6.4009404e-01
   6.4046150e-01
   6.4301282e-01
   6.4661217e-01
   6.4755821e-01
   6.4742273e-01
   6.4743519e-01
   6.4708596e-01
   6.4807415e-01
   6.5111727e-01
   6.5337831e-01
   6.5297753e-01
   6.5091020e-01
   6.4921391e-01
   6.4699095e-01
   6.4632517e-01
   6.4754874e-01
   6.4508933e-01
   6.4026070e-01
   6.3477379e-01
   6.2778813e-01
   6.2157094e-01
   6.1652023e-01
   6.1037844e-01
   6.0113388e-01
   5.8924615e-01
   5.7672924e-01
   5.6249481e-01
   5.4875082e-01
   5.3562129e-01
   5.1966023e-01
   5.0017470e-01
   4.7925493e-01
   4.5696431e-01
   4.3306699e-01
   4.1085243e-01
   3.8684633e-01
   3.5998943e-01
   3.3313856e-01
   3.0370808e-01
   2.7378067e-01
   2.4477468e-01
   2.1686491e-01
   1.8793233e-01
   1.5606605e-01
   1.2657343e-01
   9.6088901e-02
   6.5676853e-02
   3.7934415e-02
   1.1230272e-02
   1.6266992e-02
   4.7594618e-02
   8.1702262e-02
   1.1474054e-01
   1.4856197e-01
   1.8287560e-01
   2.1199554e-01
   2.4202465e-01
   2.6853988e-01
   2.9466903e-01
   3.2125175e-01
   3.4586325e-01
   3.6898497e-01
   3.9476603e-01
   4.1891336e-01
   4.4087863e-01
   4.6228254e-01
   4.8254600e-01
   5.0209969e-01
   5.2222836e-01
   5.4021364e-01
   5.5434757e-01
   5.6703240e-01
   5.7912874e-01
   5.8869976e-01
   5.9967667e-01
   6.1146259e-01
   6.2047523e-01
   6.2670553e-01
   6.3148278e-01
   6.3485265e-01
   6.3820630e-01
   6.4356166e-01
   6.4849454e-01
   6.5028840e-01
   6.5065908e-01
   6.5052927e-01
   6.4931381e-01
   6.4948082e-01
   6.5195310e-01
   6.5312856e-01
   6.5188169e-01
   6.5014482e-01
   6.4726830e-01
   6.4487880e-01
   6.4502865e-01
   6.4656824e-01
   6.4645129e-01
   6.4519227e-01
   6.4304185e-01
   6.4062446e-01
   6.4003783e-01
   6.4156485e-01
   6.4374697e-01
   6.4380473e-01
   6.4322668e-01
   6.4233929e-01
   6.4081800e-01
   6.4202935e-01
   6.4521646e-01
   6.4780390e-01
   6.4898270e-01
   6.4883763e-01
   6.4792162e-01
   6.4802998e-01
   6.5001899e-01
   6.5275156e-01
   6.5470916e-01
   6.5407342e-01
   6.5244281e-01
   6.5077442e-01
   6.4890605e-01
   6.4890426e-01
   6.4919943e-01
   6.4757264e-01
   6.4244872e-01
   6.3614994e-01
   6.3044798e-01
   6.2446618e-01
   6.1945301e-01
   6.1396694e-01
   6.0443687e-01
   5.9230483e-01
   5.7988912e-01
   5.6611276e-01
   5.5254108e-01
   5.3949159e-01
   5.2381182e-01
   5.0426370e-01
   4.8327616e-01
   4.6139130e-01
   4.3854532e-01
   4.1571727e-01
   3.9228353e-01
   3.6574256e-01
   3.3622742e-01
   3.0900681e-01
   2.8008908e-01
   2.5006777e-01
   2.2167334e-01
   1.9325078e-01
   1.6318269e-01
   1.3112786e-01
   1.0165340e-01
   7.1493790e-02
   4.3028999e-02
   1.6165247e-02
   1.2128135e-02
   4.1846875e-02
   7.6131508e-02
   1.1086040e-01
   1.4338534e-01
   1.7371090e-01
   2.0778291e-01
   2.3709559e-01
   2.6434755e-01
   2.8940600e-01
   3.1547993e-01
   3.4095192e-01
   3.6626175e-01
   3.8905126e-01
   4.1430628e-01
   4.3649086e-01
   4.5789957e-01
   4.7835958e-01
   4.9824822e-01
   5.1832759e-01
   5.3673440e-01
   5.5152291e-01
   5.6391174e-01
   5.7522422e-01
   5.8619130e-01
   5.9744656e-01
   6.0874158e-01
   6.1794746e-01
   6.2335229e-01
   6.2779075e-01
   6.3206327e-01
   6.3628739e-01
   6.4132839e-01
   6.4698356e-01
   6.4924461e-01
   6.4840639e-01
   6.4827490e-01
   6.4807206e-01
   6.4792949e-01
   6.5057248e-01
   6.5202707e-01
   6.5021008e-01
   6.4791244e-01
   6.4580083e-01
   6.4409047e-01
   6.4389533e-01
   6.4573270e-01
   6.4537936e-01
   6.4289618e-01
   6.4109939e-01
   6.3852727e-01
   6.3807875e-01
   6.4030296e-01
   6.4238578e-01
   6.4171380e-01
   6.4097571e-01
   6.4000535e-01
   6.3908494e-01
   6.4077681e-01
   6.4440799e-01
   6.4664006e-01
   6.4657128e-01
   6.4625371e-01
   6.4569533e-01
   6.4557952e-01
   6.4889371e-01
   6.5203798e-01
   6.5262389e-01
   6.5213376e-01
   6.5056700e-01
   6.4842063e-01
   6.4785963e-01
   6.4829057e-01
   6.4813811e-01
   6.4546251e-01
   6.4118779e-01
   6.3572937e-01
   6.2925959e-01
   6.2409496e-01
   6.1968690e-01
   6.1265117e-01
   6.0351157e-01
   5.9189254e-01
   5.7924592e-01
   5.6692946e-01
   5.5412042e-01
   5.4033291e-01
   5.2444798e-01
   5.0546169e-01
   4.8441353e-01
   4.6275648e-01
   4.4086525e-01
   4.1787067e-01
   3.9461827e-01
   3.6844063e-01
   3.4002942e-01
   3.0994144e-01
   2.8249452e-01
   2.5391704e-01
   2.2430776e-01
   1.9604836e-01
   1.6580310e-01
   1.3522221e-01
   1.0419020e-01
   7.4926361e-02
   4.5578107e-02
   1.8283678e-02
   8.7457970e-03
   3.7874952e-02
   7.1669362e-02
   1.0573762e-01
   1.4014363e-01
   1.7346717e-01
   2.0139998e-01
   2.3218365e-01
   2.6134986e-01
   2.8804460e-01
   3.1213433e-01
   3.3805108e-01
   3.6416209e-01
   3.8825870e-01
   4.1081771e-01
   4.3387446e-01
   4.5545954e-01
   4.7570530e-01
   4.9705732e-01
   5.1739150e-01
   5.3520989e-01
   5.5024028e-01
   5.6369352e-01
   5.7483286e-01
   5.8585799e-01
   5.9848571e-01
   6.0965544e-01
   6.1791152e-01
   6.2400985e-01
   6.2857836e-01
   6.3262606e-01
   6.3752866e-01
   6.4338708e-01
   6.4753455e-01
   6.4992988e-01
   6.5002793e-01
   6.4959800e-01
   6.4927977e-01
   6.5075809e-01
   6.5263838e-01
   6.5370548e-01
   6.5225476e-01
   6.4930993e-01
   6.4695126e-01
   6.4571762e-01
   6.4646536e-01
   6.4756680e-01
   6.4704007e-01
   6.4479053e-01
   6.4239275e-01
   6.4108425e-01
   6.4029068e-01
   6.4193201e-01
   6.4446998e-01
   6.4428461e-01
   6.4207590e-01
   6.4166385e-01
   6.4091593e-01
   6.4228761e-01
   6.4564651e-01
   6.4830649e-01
   6.4813745e-01
   6.4746350e-01
   6.4707899e-01
   6.4774603e-01
   6.5009409e-01
   6.5395868e-01
   6.5425664e-01
   6.5312696e-01
   6.5190578e-01
   6.4980990e-01
   6.4883536e-01
   6.5073645e-01
   6.5120792e-01
   6.4749461e-01
   6.4327312e-01
   6.3827705e-01
   6.3176394e-01
   6.2709117e-01
   6.2284386e-01
   6.1629719e-01
   6.0580313e-01
   5.9499937e-01
   5.8263469e-01
   5.6965381e-01
   5.5801791e-01
   5.4523933e-01
   5.2838254e-01
   5.1009107e-01
   4.8929879e-01
   4.6725041e-01
   4.4612810e-01
   4.2441893e-01
   3.9980343e-01
   3.7322831e-01
   3.4496668e-01
   3.1589532e-01
   2.8631347e-01
   2.5969377e-01
   2.3154183e-01
   2.0022355e-01
   1.7069454e-01
   1.4070526e-01
   1.0988374e-01
   7.9225965e-02
   5.0811481e-02
   2.3438625e-02
   5.3232517e-03
   3.2361604e-02
   6.4766802e-02
   1.0022014e-01
   1.3467772e-01
   1.6633010e-01
   1.9928886e-01
   2.2718865e-01
   2.5397506e-01
   2.8251737e-01
   3.0836609e-01
   3.3338165e-01
   3.5886437e-01
   3.8366023e-01
   4.0663868e-01
   4.2884198e-01
   4.5150042e-01
   4.7253352e-01
   4.9319351e-01
   5.1425809e-01
   5.3174400e-01
   5.4636991e-01
   5.5949169e-01
   5.7144284e-01
   5.8288598e-01
   5.9558564e-01
   6.0752547e-01
   6.1476910e-01
   6.2059593e-01
   6.2596208e-01
   6.2999558e-01
   6.3486660e-01
   6.4159405e-01
   6.4575517e-01
   6.4720631e-01
   6.4775902e-01
   6.4751261e-01
   6.4690000e-01
   6.4913124e-01
   6.5177840e-01
   6.5113199e-01
   6.4973766e-01
   6.4767212e-01
   6.4557219e-01
   6.4424020e-01
   6.4558190e-01
   6.4604086e-01
   6.4477032e-01
   6.4329195e-01
   6.4052695e-01
   6.3823593e-01
   6.3881695e-01
   6.4092958e-01
   6.4184582e-01
   6.4151126e-01
   6.4044219e-01
   6.3890326e-01
   6.3947237e-01
   6.4117950e-01
   6.4391059e-01
   6.4582705e-01
   6.4610851e-01
   6.4542556e-01
   6.4515376e-01
   6.4651930e-01
   6.4939165e-01
   6.5167356e-01
   6.5286845e-01
   6.5178204e-01
   6.5007883e-01
   6.4885563e-01
   6.4891559e-01
   6.4941120e-01
   6.4964765e-01
   6.4646608e-01
   6.4150244e-01
   6.3625932e-01
   6.3097209e-01
   6.2632978e-01
   6.2236685e-01
   6.1580330e-01
   6.0594141e-01
   5.9421706e-01
   5.8305144e-01
   5.7031047e-01
   5.5877614e-01
   5.4616481e-01
   5.2910352e-01
   5.1013708e-01
   4.9065760e-01
   4.6915430e-01
   4.4693092e-01
   4.2596474e-01
   4.0205699e-01
   3.7481871e-01
   3.4750971e-01
   3.1926042e-01
   2.9028493e-01
   2.6126352e-01
   2.3430359e-01
   2.0490409e-01
   1.7303151e-01
   1.4366265e-01
   1.1348891e-01
   8.3419934e-02
   5.3543054e-02
   2.6313247e-02
   1.7912505e-03
   2.8503675e-02
   6.1227579e-02
   9.4968431e-02
   1.2994371e-01
   1.6510940e-01
   1.9506778e-01
   2.2484593e-01
   2.5249809e-01
   2.7792251e-01
   3.0594537e-01
   3.3208254e-01
   3.5716715e-01
   3.8095376e-01
   4.0446818e-01
   4.2692268e-01
   4.4911927e-01
   4.7090465e-01
   4.9222097e-01
   5.1262057e-01
   5.3117687e-01
   5.4572433e-01
   5.5859846e-01
   5.7083637e-01
   5.8322740e-01
   5.9611583e-01
   6.0749489e-01
   6.1547023e-01
   6.2143892e-01
   6.2641370e-01
   6.3103116e-01
   6.3678163e-01
   6.4263642e-01
   6.4715511e-01
   6.4838892e-01
   6.4852953e-01
   6.4906663e-01
   6.4918381e-01
   6.5084225e-01
   6.5367454e-01
   6.5318567e-01
   6.5070468e-01
   6.4900589e-01
   6.4669740e-01
   6.4579445e-01
   6.4723563e-01
   6.4793438e-01
   6.4664674e-01
   6.4409411e-01
   6.4206475e-01
   6.4054143e-01
   6.4120704e-01
   6.4331925e-01
   6.4421123e-01
   6.4265972e-01
   6.4196688e-01
   6.4038014e-01
   6.4030099e-01
   6.4354408e-01
   6.4655030e-01
   6.4761716e-01
   6.4771307e-01
   6.4705658e-01
   6.4643180e-01
   6.4778972e-01
   6.5157813e-01
   6.5379953e-01
   6.5416628e-01
   6.5302956e-01
   6.5150964e-01
   6.5039712e-01
   6.5114665e-01
   6.5234107e-01
   6.5116042e-01
   6.4872575e-01
   6.4397454e-01
   6.3848597e-01
   6.3359201e-01
   6.2995815e-01
   6.2525535e-01
   6.1848557e-01
   6.0873163e-01
   5.9725165e-01
   5.8564836e-01
   5.7416266e-01
   5.6248027e-01
   5.4942018e-01
   5.3350592e-01
   5.1468349e-01
   4.9399671e-01
   4.7363615e-01
   4.5243502e-01
   4.3025446e-01
   4.0672919e-01
   3.8076621e-01
   3.5186452e-01
   3.2451764e-01
   2.9663450e-01
   2.6765808e-01
   2.3865028e-01
   2.1037294e-01
   1.8022850e-01
   1.4788358e-01
   1.1867794e-01
   8.8575348e-02
   5.9288230e-02
   3.1229867e-02
   5.5099018e-03
   2.3987712e-02
   5.5791210e-02
   9.0487950e-02
   1.2411427e-01
   1.5612844e-01
   1.9056860e-01
   2.2010219e-01
   2.4743310e-01
   2.7372256e-01
   2.9959989e-01
   3.2758197e-01
   3.5347128e-01
   3.7645131e-01
   3.9971936e-01
   4.2269224e-01
   4.4421890e-01
   4.6607822e-01
   4.8906228e-01
   5.0951302e-01
   5.2672309e-01
   5.4207891e-01
   5.5514252e-01
   5.6712157e-01
   5.8076096e-01
   5.9360975e-01
   6.0403776e-01
   6.1232609e-01
   6.1827183e-01
   6.2329912e-01
   6.2846076e-01
   6.3513523e-01
   6.4107525e-01
   6.4470750e-01
   6.4646870e-01
   6.4647931e-01
   6.4627981e-01
   6.4751458e-01
   6.4920449e-01
   6.5171039e-01
   6.5144092e-01
   6.4965993e-01
   6.4659899e-01
   6.4525515e-01
   6.4506251e-01
   6.4633679e-01
   6.4664835e-01
   6.4507151e-01
   6.4212382e-01
   6.4013660e-01
   6.3910782e-01
   6.3956118e-01
   6.4151287e-01
   6.4275974e-01
   6.4128917e-01
   6.3908368e-01
   6.3850713e-01
   6.3906962e-01
   6.4177787e-01
   6.4491266e-01
   6.4574152e-01
   6.4455581e-01
   6.4489758e-01
   6.4494812e-01
   6.4608061e-01
   6.4970934e-01
   6.5247732e-01
   6.5212590e-01
   6.5142214e-01
   6.4998263e-01
   6.4849079e-01
   6.4975625e-01
   6.5137309e-01
   6.4950770e-01
   6.4611971e-01
   6.4242083e-01
   6.3695961e-01
   6.3192195e-01
   6.2953269e-01
   6.2473339e-01
   6.1713648e-01
   6.0815138e-01
   5.9735471e-01
   5.8528686e-01
   5.7473606e-01
   5.6434900e-01
   5.5028605e-01
   5.3326499e-01
   5.1501137e-01
   4.9472421e-01
   4.7423279e-01
   4.5497373e-01
   4.3300661e-01
   4.0898314e-01
   3.8350606e-01
   3.5535371e-01
   3.2639349e-01
   2.9955405e-01
   2.7220082e-01
   2.4263638e-01
   2.1259679e-01
   1.8321089e-01
   1.5272258e-01
   1.2113243e-01
   9.2025615e-02
   6.2371697e-02
   3.4182850e-02
   7.3221894e-03
   2.0048542e-02
   5.1380165e-02
   8.5658774e-02
   1.2087813e-01
   1.5514831e-01
   1.8458728e-01
   2.1481800e-01
   2.4478556e-01
   2.7167967e-01
   2.9817802e-01
   3.2447514e-01
   3.5195017e-01
   3.7516105e-01
   3.9604077e-01
   4.2027247e-01
   4.4274145e-01
   4.6482262e-01
   4.8733896e-01
   5.0776064e-01
   5.2505678e-01
   5.4045147e-01
   5.5463523e-01
   5.6740433e-01
   5.8037931e-01
   5.9437567e-01
   6.0486919e-01
   6.1208445e-01
   6.1899614e-01
   6.2427860e-01
   6.2940592e-01
   6.3657951e-01
   6.4290285e-01
   6.4613795e-01
   6.4731413e-01
   6.4800537e-01
   6.4765567e-01
   6.4935446e-01
   6.5225106e-01
   6.5408850e-01
   6.5284109e-01
   6.5144688e-01
   6.4847773e-01
   6.4645255e-01
   6.4746535e-01
   6.4860004e-01
   6.4784050e-01
   6.4651954e-01
   6.4374626e-01
   6.4118969e-01
   6.4104396e-01
   6.4224279e-01
   6.4381170e-01
   6.4410532e-01
   6.4277816e-01
   6.4128381e-01
   6.4034486e-01
   6.4107025e-01
   6.4396870e-01
   6.4619321e-01
   6.4703977e-01
   6.4600414e-01
   6.4601862e-01
   6.4682519e-01
   6.4903349e-01
   6.5189701e-01
   6.5401858e-01
   6.5354842e-01
   6.5214801e-01
   6.5096241e-01
   6.5034783e-01
   6.5168697e-01
   6.5307146e-01
   6.5164816e-01
   6.4730352e-01
   6.4364481e-01
   6.3880759e-01
   6.3510782e-01
   6.3191277e-01
   6.2801492e-01
   6.2002003e-01
   6.1003911e-01
   6.0021675e-01
   5.8874208e-01
   5.7744920e-01
   5.6775856e-01
   5.5411750e-01
   5.3718787e-01
   5.1908875e-01
   4.9967223e-01
   4.7930926e-01
   4.5902470e-01
   4.3856084e-01
   4.1368547e-01
   3.8698772e-01
   3.6050016e-01
   3.3230188e-01
   3.0315432e-01
   2.7719739e-01
   2.4891354e-01
   2.1773094e-01
   1.8744253e-01
   1.5732418e-01
   1.2738527e-01
   9.6609965e-02
   6.7888789e-02
   3.9313857e-02
   1.2423349e-02
   1.5460513e-02
   4.5730706e-02
   8.0913529e-02
   1.1543815e-01
   1.4846131e-01
   1.8205830e-01
   2.1034001e-01
   2.3674351e-01
   2.6682654e-01
   2.9363182e-01
   3.2066932e-01
   3.4552866e-01
   3.7028828e-01
   3.9223406e-01
   4.1433731e-01
   4.3810287e-01
   4.6104240e-01
   4.8352480e-01
   5.0383699e-01
   5.2163631e-01
   5.3683895e-01
   5.5049884e-01
   5.6414735e-01
   5.7761562e-01
   5.9099901e-01
   6.0225648e-01
   6.0945141e-01
   6.1570942e-01
   6.2166995e-01
   6.2753063e-01
   6.3450557e-01
   6.4119703e-01
   6.4390785e-01
   6.4508772e-01
   6.4606684e-01
   6.4599705e-01
   6.4761078e-01
   6.5095496e-01
   6.5240109e-01
   6.5101689e-01
   6.4926881e-01
   6.4755172e-01
   6.4582360e-01
   6.4587599e-01
   6.4777333e-01
   6.4713818e-01
   6.4453918e-01
   6.4226425e-01
   6.3988358e-01
   6.3852876e-01
   6.4092171e-01
   6.4261007e-01
   6.4165515e-01
   6.4036125e-01
   6.3908064e-01
   6.3827509e-01
   6.3978183e-01
   6.4324713e-01
   6.4487267e-01
   6.4485753e-01
   6.4454865e-01
   6.4397478e-01
   6.4416438e-01
   6.4751464e-01
   6.5064085e-01
   6.5164852e-01
   6.5137720e-01
   6.4985830e-01
   6.4858866e-01
   6.4913905e-01
   6.5085608e-01
   6.5140939e-01
   6.4971364e-01
   6.4602625e-01
   6.4160120e-01
   6.3716829e-01
   6.3416833e-01
   6.3159543e-01
   6.2684578e-01
   6.1948311e-01
   6.0951596e-01
   5.9879059e-01
   5.8882087e-01
   5.7860816e-01
   5.6739688e-01
   5.5429041e-01
   5.3773093e-01
   5.1920432e-01
   5.0090599e-01
   4.8141894e-01
   4.6109563e-01
   4.4030869e-01
   4.1651890e-01
   3.8970900e-01
   3.6261490e-01
   3.3524033e-01
   3.0787072e-01
   2.7851653e-01
   2.5168607e-01
   2.2197372e-01
   1.9032992e-01
   1.6070028e-01
   1.3102266e-01
   1.0105940e-01
   7.0246018e-02
   4.2077776e-02
   1.5087142e-02
   1.1889882e-02
   4.1922502e-02
   7.5195253e-02
   1.1088634e-01
   1.4608021e-01
   1.7686327e-01
   2.0606500e-01
   2.3584329e-01
   2.6136523e-01
   2.9117280e-01
   3.1840965e-01
   3.4397858e-01
   3.6599973e-01
   3.9004430e-01
   4.1243532e-01
   4.3486822e-01
   4.5940751e-01
   4.8228261e-01
   5.0188893e-01
   5.1948506e-01
   5.3576690e-01
   5.4953802e-01
   5.6322610e-01
   5.7787383e-01
   5.9095436e-01
   6.0142463e-01
   6.0939527e-01
   6.1588883e-01
   6.2165225e-01
   6.2867683e-01
   6.3598055e-01
   6.4185816e-01
   6.4472699e-01
   6.4603049e-01
   6.4640224e-01
   6.4739984e-01
   6.4972669e-01
   6.5268004e-01
   6.5385133e-01
   6.5290880e-01
   6.5018785e-01
   6.4788455e-01
   6.4728910e-01
   6.4804626e-01
   6.4954334e-01
   6.4871287e-01
   6.4641494e-01
   6.4346302e-01
   6.4190966e-01
   6.4157945e-01
   6.4301109e-01
   6.4472425e-01
   6.4350599e-01
   6.4159125e-01
   6.4067286e-01
   6.3990575e-01
   6.4105022e-01
   6.4460701e-01
   6.4636564e-01
   6.4590853e-01
   6.4542097e-01
   6.4548540e-01
   6.4560407e-01
   6.4835519e-01
   6.5233618e-01
   6.5355152e-01
   6.5263170e-01
   6.5171909e-01
   6.5088439e-01
   6.5072328e-01
   6.5308005e-01
   6.5391248e-01
   6.5152639e-01
   6.4846098e-01
   6.4429522e-01
   6.4000589e-01
   6.3702530e-01
   6.3477701e-01
   6.2925577e-01
   6.2198853e-01
   6.1319566e-01
   6.0236984e-01
   5.9112918e-01
   5.8205122e-01
   5.7146031e-01
   5.5728167e-01
   5.4158217e-01
   5.2367151e-01
   5.0411004e-01
   4.8547021e-01
   4.6623737e-01
   4.4457558e-01
   4.2111447e-01
   3.9525089e-01
   3.6763078e-01
   3.4024373e-01
   3.1305921e-01
   2.8559873e-01
   2.5539359e-01
   2.2672902e-01
   1.9670931e-01
   1.6594860e-01
   1.3650791e-01
   1.0642038e-01
   7.6501317e-02
   4.6467103e-02
   2.0138280e-02
   8.2083140e-03
   3.6678098e-02
   7.0877686e-02
   1.0513794e-01
   1.3798156e-01
   1.7291695e-01
   2.0314986e-01
   2.3042409e-01
   2.5915036e-01
   2.8460926e-01
   3.1364939e-01
   3.3980554e-01
   3.6308599e-01
   3.8512748e-01
   4.0898997e-01
   4.3200997e-01
   4.5521843e-01
   4.7866538e-01
   4.9887922e-01
   5.1592946e-01
   5.3243774e-01
   5.4643118e-01
   5.6013173e-01
   5.7525069e-01
   5.8847427e-01
   5.9882122e-01
   6.0690862e-01
   6.1348540e-01
   6.1961979e-01
   6.2644964e-01
   6.3487816e-01
   6.3995010e-01
   6.4271033e-01
   6.4440328e-01
   6.4517969e-01
   6.4543766e-01
   6.4863372e-01
   6.5163559e-01
   6.5235138e-01
   6.5129405e-01
   6.4952332e-01
   6.4681095e-01
   6.4617091e-01
   6.4760971e-01
   6.4836150e-01
   6.4714402e-01
   6.4553821e-01
   6.4231730e-01
   6.4011896e-01
   6.4035946e-01
   6.4177549e-01
   6.4255208e-01
   6.4191258e-01
   6.4021796e-01
   6.3813579e-01
   6.3849193e-01
   6.4056897e-01
   6.4345127e-01
   6.4533377e-01
   6.4511549e-01
   6.4388090e-01
   6.4435041e-01
   6.4512813e-01
   6.4807075e-01
   6.5144879e-01
   6.5317720e-01
   6.5193903e-01
   6.5102047e-01
   6.5076107e-01
   6.5116692e-01
   6.5285635e-01
   6.5381479e-01
   6.5151250e-01
   6.4765346e-01
   6.4371443e-01
   6.3956517e-01
   6.3642025e-01
   6.3437200e-01
   6.2856823e-01
   6.2005317e-01
   6.1109680e-01
   6.0155708e-01
   5.9061384e-01
   5.8111054e-01
   5.7035911e-01
   5.5566758e-01
   5.3914088e-01
   5.2188319e-01
   5.0261956e-01
   4.8325491e-01
   4.6478859e-01
   4.4327664e-01
   4.1835099e-01
   3.9341691e-01
   3.6679658e-01
   3.3868831e-01
   3.1294036e-01
   2.8618398e-01
   2.5750151e-01
   2.2687216e-01
   1.9859368e-01
   1.6966291e-01
   1.3895723e-01
   1.1051255e-01
   8.0992378e-02
   5.2012123e-02
   2.4725741e-02
   1.8437760e-03
   2.8419888e-02
   5.9905995e-02
   9.5158935e-02
   1.2898321e-01
   1.5919551e-01
   1.8900515e-01
   2.2099362e-01
   2.4729478e-01
   2.7582589e-01
   3.0163509e-01
   3.3019161e-01
   3.5434431e-01
   3.7630394e-01
   3.9940876e-01
   4.2446074e-01
   4.4949517e-01
   4.7372663e-01
   4.9551788e-01
   5.1467711e-01
   5.3247434e-01
   5.5009192e-01
   5.6714386e-01
   5.8402026e-01
   5.9981090e-01
   6.1203253e-01
   6.2199688e-01
   6.3082397e-01
   6.3937467e-01
   6.4822263e-01
   6.5740341e-01
   6.6387218e-01
   6.6687089e-01
   6.6839749e-01
   6.6989040e-01
   6.7052436e-01
   6.7239052e-01
   6.7393810e-01
   6.7091334e-01
   6.6630942e-01
   6.6128832e-01
   6.5394777e-01
   6.4745486e-01
   6.4251930e-01
   6.3475919e-01
   6.2287980e-01
   6.1028320e-01
   5.9634191e-01
   5.8132666e-01
   5.6722599e-01
   5.5280983e-01
   5.3496587e-01
   5.1473105e-01
   4.9343041e-01
   4.7051498e-01
   4.4684291e-01
   4.2431998e-01
   4.0017772e-01
   3.7291726e-01
   3.4583485e-01
   3.1762233e-01
   2.8804183e-01
   2.6055673e-01
   2.3411174e-01
   2.0592234e-01
   1.7533030e-01
   1.4682359e-01
   1.1818708e-01
   8.8759907e-02
   6.0287677e-02
   3.3272624e-02
   8.6276969e-03
   1.8657701e-02
   4.7519192e-02
   7.9577729e-02
   1.1417656e-01
   1.4685339e-01
   1.7589627e-01
   2.0670511e-01
   2.3361433e-01
   2.5925916e-01
   2.8740519e-01
   3.1329864e-01
   3.3861366e-01
   3.6318541e-01
   3.8776800e-01
   4.1038328e-01
   4.3289536e-01
   4.5660582e-01
   4.7951272e-01
   5.0219494e-01
   5.2366793e-01
   5.4090881e-01
   5.5676526e-01
   5.7200134e-01
   5.8628279e-01
   6.0120094e-01
   6.1569107e-01
   6.2688988e-01
   6.3489342e-01
   6.4199787e-01
   6.4836329e-01
   6.5434813e-01
   6.6201764e-01
   6.6844553e-01
   6.7034012e-01
   6.7012227e-01
   6.7002147e-01
   6.6848224e-01
   6.6750222e-01
   6.6769576e-01
   6.6500980e-01
   6.5863025e-01
   6.5150106e-01
   6.4288199e-01
   6.3376892e-01
   6.2598449e-01
   6.1761898e-01
   6.0534775e-01
   5.9060049e-01
   5.7517666e-01
   5.5803001e-01
   5.4094642e-01
   5.2514791e-01
   5.0637943e-01
   4.8396489e-01
   4.6113741e-01
   4.3627939e-01
   4.1031817e-01
   3.8614252e-01
   3.6079797e-01
   3.3245352e-01
   3.0426922e-01
   2.7581879e-01
   2.4627402e-01
   2.1620663e-01
   1.8876152e-01
   1.6004075e-01
   1.2893951e-01
   9.9766783e-02
   6.9891050e-02
   4.1927267e-02
   1.5280942e-02
   1.0773686e-02
   4.0106297e-02
   7.3070914e-02
   1.0735898e-01
   1.4061481e-01
   1.6982621e-01
   1.9911230e-01
   2.3228227e-01
   2.5926813e-01
   2.8672588e-01
   3.1008253e-01
   3.3598202e-01
   3.5943082e-01
   3.8288632e-01
   4.0737468e-01
   4.3124756e-01
   4.5274660e-01
   4.7301814e-01
   4.9243709e-01
   5.1097524e-01
   5.2980244e-01
   5.4814178e-01
   5.6213009e-01
   5.7359844e-01
   5.8521104e-01
   5.9513187e-01
   6.0527998e-01
   6.1626810e-01
   6.2510306e-01
   6.3056207e-01
   6.3493061e-01
   6.3832557e-01
   6.4113051e-01
   6.4559233e-01
   6.5103525e-01
   6.5251571e-01
   6.5245950e-01
   6.5230852e-01
   6.5111929e-01
   6.5084159e-01
   6.5290225e-01
   6.5428191e-01
   6.5251428e-01
   6.5010881e-01
   6.4801085e-01
   6.4478689e-01
   6.4482093e-01
   6.4691526e-01
   6.4642453e-01
   6.4452547e-01
   6.4276987e-01
   6.4039522e-01
   6.3930839e-01
   6.4088124e-01
   6.4344174e-01
   6.4386314e-01
   6.4343888e-01
   6.4236885e-01
   6.4106107e-01
   6.4281327e-01
   6.4592707e-01
   6.4850050e-01
   6.4937800e-01
   6.4951259e-01
   6.4834660e-01
   6.4860916e-01
   6.5020990e-01
   6.5294373e-01
   6.5433264e-01
   6.5364373e-01
   6.5181309e-01
   6.4931124e-01
   6.4779186e-01
   6.4682394e-01
   6.4691740e-01
   6.4487571e-01
   6.3976890e-01
   6.3277924e-01
   6.2632149e-01
   6.1962777e-01
   6.1350703e-01
   6.0704875e-01
   5.9701568e-01
   5.8392262e-01
   5.7069027e-01
   5.5648601e-01
   5.4168302e-01
   5.2734637e-01
   5.1123667e-01
   4.9064535e-01
   4.6881470e-01
   4.4646978e-01
   4.2216820e-01
   3.9825317e-01
   3.7385440e-01
   3.4672415e-01
   3.1644678e-01
   2.8826982e-01
   2.5960380e-01
   2.3038606e-01
   2.0048365e-01
   1.7184745e-01
   1.4145049e-01
   1.0924505e-01
   8.0363669e-02
   5.1084671e-02
   2.3896821e-02
   4.8669907e-03
   3.2082513e-02
   6.5888122e-02
   1.0067435e-01
   1.3352136e-01
   1.6736832e-01
   1.9744569e-01
   2.2529273e-01
   2.5630844e-01
   2.8338629e-01
   3.0935013e-01
   3.3195451e-01
   3.5836750e-01
   3.8221967e-01
   4.0647289e-01
   4.3059686e-01
   4.5242003e-01
   4.7261590e-01
   4.9188215e-01
   5.1109999e-01
   5.3008938e-01
   5.4645443e-01
   5.6124181e-01
   5.7282174e-01
   5.8300459e-01
   5.9373027e-01
   6.0397142e-01
   6.1400843e-01
   6.2282127e-01
   6.2805134e-01
   6.3175243e-01
   6.3461506e-01
   6.3841057e-01
   6.4362186e-01
   6.4782304e-01
   6.4982980e-01
   6.4995891e-01
   6.4902878e-01
   6.4777821e-01
   6.4807612e-01
   6.5019947e-01
   6.5166372e-01
   6.5000898e-01
   6.4717376e-01
   6.4505583e-01
   6.4334154e-01
   6.4292777e-01
   6.4513648e-01
   6.4483798e-01
   6.4218897e-01
   6.4054757e-01
   6.3886905e-01
   6.3782126e-01
   6.3972503e-01
   6.4227229e-01
   6.4207017e-01
   6.4142835e-01
   6.4060760e-01
   6.3983899e-01
   6.4069247e-01
   6.4470226e-01
   6.4738435e-01
   6.4744812e-01
   6.4746660e-01
   6.4719319e-01
   6.4716703e-01
   6.4917821e-01
   6.5234673e-01
   6.5338087e-01
   6.5225989e-01
   6.5037686e-01
   6.4796621e-01
   6.4652830e-01
   6.4679968e-01
   6.4642006e-01
   6.4337713e-01
   6.3817024e-01
   6.3232905e-01
   6.2486124e-01
   6.1925149e-01
   6.1415493e-01
   6.0698843e-01
   5.9725887e-01
   5.8483881e-01
   5.7088065e-01
   5.5691588e-01
   5.4353911e-01
   5.2912360e-01
   5.1224589e-01
   4.9232823e-01
   4.7036037e-01
   4.4725606e-01
   4.2464897e-01
   4.0066165e-01
   3.7548268e-01
   3.4890711e-01
   3.2039484e-01
   2.8980222e-01
   2.6186708e-01
   2.3396127e-01
   2.0416814e-01
   1.7484024e-01
   1.4491411e-01
   1.1399081e-01
   8.2444057e-02
   5.4049458e-02
   2.6428103e-02
   1.6021432e-03
   2.8567974e-02
   6.0131695e-02
   9.5397457e-02
   1.3054383e-01
   1.6205756e-01
   1.9346000e-01
   2.2533812e-01
   2.5123957e-01
   2.8034496e-01
   3.0639976e-01
   3.3151466e-01
   3.5405609e-01
   3.8021812e-01
   4.0453854e-01
   4.2783773e-01
   4.5029491e-01
   4.7097701e-01
   4.8992646e-01
   5.1035887e-01
   5.3000367e-01
   5.4665637e-01
   5.5989963e-01
   5.7258952e-01
   5.8305717e-01
   5.9291965e-01
   6.0467780e-01
   6.1562693e-01
   6.2300217e-01
   6.2889296e-01
   6.3263589e-01
   6.3555652e-01
   6.3975394e-01
   6.4543778e-01
   6.4924306e-01
   6.5081018e-01
   6.5068716e-01
   6.4955038e-01
   6.4889449e-01
   6.5004766e-01
   6.5192002e-01
   6.5234655e-01
   6.5079069e-01
   6.4843374e-01
   6.4567518e-01
   6.4423871e-01
   6.4525682e-01
   6.4621919e-01
   6.4634329e-01
   6.4424580e-01
   6.4190412e-01
   6.4025187e-01
   6.3981229e-01
   6.4150429e-01
   6.4354545e-01
   6.4359272e-01
   6.4198691e-01
   6.4158434e-01
   6.4128184e-01
   6.4305353e-01
   6.4640665e-01
   6.4877838e-01
   6.4871514e-01
   6.4809406e-01
   6.4814579e-01
   6.4834231e-01
   6.5022808e-01
   6.5392917e-01
   6.5453815e-01
   6.5308207e-01
   6.5195191e-01
   6.5011221e-01
   6.4854133e-01
   6.4949757e-01
   6.4964181e-01
   6.4555895e-01
   6.3971341e-01
   6.3384342e-01
   6.2771600e-01
   6.2190181e-01
   6.1707491e-01
   6.0982227e-01
   5.9937221e-01
   5.8760870e-01
   5.7438886e-01
   5.6028831e-01
   5.4756451e-01
   5.3347647e-01
   5.1577240e-01
   4.9607337e-01
   4.7447890e-01
   4.5120761e-01
   4.2849568e-01
   4.0618655e-01
   3.8133642e-01
   3.5344920e-01
   3.2577810e-01
   2.9673135e-01
   2.6603425e-01
   2.3884587e-01
   2.1044363e-01
   1.7999445e-01
   1.4894974e-01
   1.1892962e-01
   8.8913500e-02
   5.8395993e-02
   3.1352021e-02
   5.4121776e-03
   2.3568520e-02
   5.5658836e-02
   8.9753404e-02
   1.2317742e-01
   1.5825328e-01
   1.9042096e-01
   2.1883364e-01
   2.4830599e-01
   2.7295753e-01
   3.0105355e-01
   3.2609034e-01
   3.5081646e-01
   3.7481642e-01
   4.0089554e-01
   4.2360580e-01
   4.4542518e-01
   4.6696383e-01
   4.8694021e-01
   5.0724578e-01
   5.2661008e-01
   5.4346400e-01
   5.5688238e-01
   5.6953627e-01
   5.8039212e-01
   5.9116071e-01
   6.0242957e-01
   6.1347169e-01
   6.2069839e-01
   6.2568635e-01
   6.3021785e-01
   6.3390267e-01
   6.3809764e-01
   6.4379567e-01
   6.4810961e-01
   6.4890397e-01
   6.4895791e-01
   6.4804631e-01
   6.4693999e-01
   6.4856392e-01
   6.5136153e-01
   6.5109801e-01
   6.4920056e-01
   6.4712596e-01
   6.4429218e-01
   6.4351737e-01
   6.4474028e-01
   6.4542848e-01
   6.4440042e-01
   6.4253402e-01
   6.4011395e-01
   6.3817418e-01
   6.3878286e-01
   6.4127517e-01
   6.4218789e-01
   6.4170158e-01
   6.4078128e-01
   6.3963544e-01
   6.4006054e-01
   6.4185369e-01
   6.4513385e-01
   6.4697212e-01
   6.4725327e-01
   6.4608282e-01
   6.4579409e-01
   6.4675623e-01
   6.4986199e-01
   6.5272641e-01
   6.5364200e-01
   6.5197629e-01
   6.4974767e-01
   6.4856786e-01
   6.4797020e-01
   6.4819843e-01
   6.4800411e-01
   6.4462852e-01
   6.3894022e-01
   6.3327897e-01
   6.2771970e-01
   6.2240088e-01
   6.1791009e-01
   6.1097324e-01
   5.9991813e-01
   5.8732241e-01
   5.7539380e-01
   5.6156522e-01
   5.4873914e-01
   5.3503460e-01
   5.1731926e-01
   4.9661222e-01
   4.7606048e-01
   4.5419028e-01
   4.3150312e-01
   4.0879300e-01
   3.8434485e-01
   3.5657850e-01
   3.2805261e-01
   2.9994997e-01
   2.7078310e-01
   2.4088044e-01
   2.1369967e-01
   1.8462908e-01
   1.5256874e-01
   1.2199546e-01
   9.1904469e-02
   6.2596761e-02
   3.4529202e-02
   7.6020830e-03
   2.0504367e-02
   5.1194642e-02
   8.6043723e-02
   1.2038731e-01
   1.5208676e-01
   1.8496646e-01
   2.1788169e-01
   2.4517144e-01
   2.7274910e-01
   2.9682943e-01
   3.2446533e-01
   3.4974375e-01
   3.7379095e-01
   3.9769891e-01
   4.2177060e-01
   4.4342884e-01
   4.6414706e-01
   4.8542631e-01
   5.0569713e-01
   5.2511054e-01
   5.4254121e-01
   5.5660492e-01
   5.6844962e-01
   5.7964391e-01
   5.9108573e-01
   6.0287833e-01
   6.1354846e-01
   6.2134218e-01
   6.2634379e-01
   6.3093132e-01
   6.3488388e-01
   6.3943505e-01
   6.4492375e-01
   6.4912856e-01
   6.5001422e-01
   6.4918137e-01
   6.4894813e-01
   6.4944386e-01
   6.5070742e-01
   6.5333265e-01
   6.5281928e-01
   6.5022725e-01
   6.4868098e-01
   6.4654928e-01
   6.4498973e-01
   6.4646536e-01
   6.4732009e-01
   6.4581370e-01
   6.4342791e-01
   6.4145344e-01
   6.3972074e-01
   6.4023316e-01
   6.4300346e-01
   6.4370686e-01
   6.4284331e-01
   6.4203757e-01
   6.4095873e-01
   6.4053649e-01
   6.4340472e-01
   6.4704365e-01
   6.4774829e-01
   6.4764947e-01
   6.4782846e-01
   6.4738536e-01
   6.4848828e-01
   6.5175402e-01
   6.5408409e-01
   6.5401852e-01
   6.5312427e-01
   6.5146244e-01
   6.4950228e-01
   6.4989394e-01
   6.5074462e-01
   6.4957374e-01
   6.4594722e-01
   6.4100164e-01
   6.3533705e-01
   6.2967455e-01
   6.2498999e-01
   6.2032974e-01
   6.1235946e-01
   6.0198969e-01
   5.9017837e-01
   5.7715136e-01
   5.6490272e-01
   5.5280524e-01
   5.3805429e-01
   5.2095354e-01
   5.0062239e-01
   4.7989482e-01
   4.5836705e-01
   4.3662095e-01
   4.1351283e-01
   3.8921490e-01
   3.6171618e-01
   3.3279276e-01
   3.0431190e-01
   2.7625015e-01
   2.4752124e-01
   2.1775506e-01
   1.8909830e-01
   1.5877454e-01
   1.2636445e-01
   9.7268224e-02
   6.7315787e-02
   3.9260857e-02
   1.2631115e-02
   1.5432082e-02
   4.6177063e-02
   8.0080554e-02
   1.1462080e-01
   1.4873749e-01
   1.7982699e-01
   2.0854835e-01
   2.4057855e-01
   2.6683196e-01
   2.9357910e-01
   3.1735966e-01
   3.4545639e-01
   3.7028462e-01
   3.9304233e-01
   4.1619933e-01
   4.3885285e-01
   4.5980126e-01
   4.8073870e-01
   5.0224733e-01
   5.2137893e-01
   5.3823721e-01
   5.5243313e-01
   5.6465942e-01
   5.7585990e-01
   5.8845496e-01
   6.0037124e-01
   6.1042506e-01
   6.1824006e-01
   6.2359905e-01
   6.2774283e-01
   6.3258678e-01
   6.3820851e-01
   6.4330178e-01
   6.4689243e-01
   6.4796543e-01
   6.4772081e-01
   6.4729989e-01
   6.4834613e-01
   6.4996397e-01
   6.5140283e-01
   6.5157259e-01
   6.4902753e-01
   6.4664596e-01
   6.4515400e-01
   6.4464563e-01
   6.4558911e-01
   6.4626396e-01
   6.4450693e-01
   6.4178658e-01
   6.3969761e-01
   6.3841814e-01
   6.3954693e-01
   6.4149034e-01
   6.4263189e-01
   6.4146459e-01
   6.3996589e-01
   6.3963455e-01
   6.4005131e-01
   6.4282340e-01
   6.4575022e-01
   6.4703751e-01
   6.4612985e-01
   6.4627975e-01
   6.4618611e-01
   6.4721245e-01
   6.5105599e-01
   6.5323085e-01
   6.5289247e-01
   6.5147924e-01
   6.5003622e-01
   6.4836150e-01
   6.4864331e-01
   6.4988977e-01
   6.4844382e-01
   6.4434308e-01
   6.3955653e-01
   6.3444912e-01
   6.2887436e-01
   6.2513328e-01
   6.2017107e-01
   6.1185318e-01
   6.0185915e-01
   5.9013844e-01
   5.7739204e-01
   5.6541276e-01
   5.5360699e-01
   5.3920650e-01
   5.2175516e-01
   5.0257760e-01
   4.8172557e-01
   4.5943367e-01
   4.3871102e-01
   4.1634223e-01
   3.9092433e-01
   3.6456242e-01
   3.3624268e-01
   3.0655095e-01
   2.7888122e-01
   2.5189507e-01
   2.2221702e-01
   1.9136137e-01
   1.6183019e-01
   1.3183115e-01
   9.9823400e-02
   7.1108811e-02
   4.1998018e-02
   1.5412062e-02
   1.1951722e-02
   4.1162577e-02
   7.5444967e-02
   1.1050931e-01
   1.4326391e-01
   1.7685375e-01
   2.0847926e-01
   2.3420469e-01
   2.6402530e-01
   2.9061893e-01
   3.1732237e-01
   3.4133109e-01
   3.6801171e-01
   3.9111605e-01
   4.1379568e-01
   4.3673170e-01
   4.5820421e-01
   4.7917336e-01
   5.0057423e-01
   5.2079350e-01
   5.3746390e-01
   5.5136973e-01
   5.6413370e-01
   5.7588005e-01
   5.8817714e-01
   6.0137713e-01
   6.1103278e-01
   6.1749518e-01
   6.2358987e-01
   6.2855458e-01
   6.3290977e-01
   6.3907683e-01
   6.4523083e-01
   6.4797175e-01
   6.4923573e-01
   6.4960092e-01
   6.4836448e-01
   6.4916050e-01
   6.5232497e-01
   6.5332252e-01
   6.5221512e-01
   6.5059292e-01
   6.4853865e-01
   6.4564520e-01
   6.4622974e-01
   6.4786291e-01
   6.4732009e-01
   6.4611638e-01
   6.4368933e-01
   6.4081699e-01
   6.4036214e-01
   6.4184779e-01
   6.4363903e-01
   6.4393377e-01
   6.4297068e-01
   6.4161587e-01
   6.4047748e-01
   6.4212745e-01
   6.4491022e-01
   6.4774483e-01
   6.4885372e-01
   6.4856458e-01
   6.4772290e-01
   6.4831769e-01
   6.5037739e-01
   6.5336382e-01
   6.5592283e-01
   6.5568376e-01
   6.5408814e-01
   6.5242636e-01
   6.5152603e-01
   6.5205348e-01
   6.5282845e-01
   6.5132785e-01
   6.4686579e-01
   6.4220107e-01
   6.3702619e-01
   6.3162738e-01
   6.2778234e-01
   6.2234539e-01
   6.1373663e-01
   6.0264593e-01
   5.9167862e-01
   5.7866007e-01
   5.6610882e-01
   5.5488026e-01
   5.4050130e-01
   5.2226216e-01
   5.0265956e-01
   4.8237133e-01
   4.6094000e-01
   4.3954656e-01
   4.1770545e-01
   3.9230657e-01
   3.6516315e-01
   3.3825737e-01
   3.0946189e-01
   2.8055128e-01
   2.5362587e-01
   2.2604172e-01
   1.9625035e-01
   1.6577893e-01
   1.3673563e-01
   1.0752825e-01
   7.7330425e-02
   4.9285181e-02
   2.2151900e-02
   5.6580976e-03
   3.2072671e-02
   6.3934311e-02
   9.7263120e-02
   1.3250476e-01
   1.6536736e-01
   1.9404136e-01
   2.2471839e-01
   2.4939243e-01
   2.7701133e-01
   3.0465972e-01
   3.3172360e-01
   3.5514218e-01
   3.8012266e-01
   4.0335295e-01
   4.2665926e-01
   4.4982219e-01
   4.7353706e-01
   4.9654537e-01
   5.1733077e-01
   5.3623503e-01
   5.5228257e-01
   5.6688619e-01
   5.8156592e-01
   5.9629959e-01
   6.1057150e-01
   6.2285137e-01
   6.3145012e-01
   6.3808489e-01
   6.4576739e-01
   6.5188503e-01
   6.5891790e-01
   6.6522419e-01
   6.6848034e-01
   6.6840750e-01
   6.6773003e-01
   6.6714907e-01
   6.6679829e-01
   6.6696131e-01
   6.6542596e-01
   6.6015685e-01
   6.5277362e-01
   6.4530039e-01
   6.3662660e-01
   6.2862617e-01
   6.2108970e-01
   6.1030900e-01
   5.9621811e-01
   5.8111572e-01
   5.6532270e-01
   5.4846865e-01
   5.3255391e-01
   5.1516432e-01
   4.9388981e-01
   4.7110364e-01
   4.4717258e-01
   4.2208618e-01
   3.9696053e-01
   3.7273249e-01
   3.4576589e-01
   3.1564683e-01
   2.8823024e-01
   2.5922915e-01
   2.2937454e-01
   2.0083235e-01
   1.7279448e-01
   1.4350025e-01
   1.1136424e-01
   8.2839891e-02
   5.3985830e-02
   2.7476322e-02
   1.3179566e-03
   2.6687983e-02
   5.8550235e-02
   9.2594266e-02
   1.2572762e-01
   1.5887277e-01
   1.8753788e-01
   2.1677111e-01
   2.4773790e-01
   2.7446929e-01
   3.0012521e-01
   3.2313439e-01
   3.4890014e-01
   3.7306190e-01
   3.9693034e-01
   4.2182031e-01
   4.4396231e-01
   4.6475133e-01
   4.8466566e-01
   5.0383335e-01
   5.2298844e-01
   5.4113322e-01
   5.5704105e-01
   5.6939816e-01
   5.8061284e-01
   5.9136653e-01
   6.0155845e-01
   6.1229962e-01
   6.2246406e-01
   6.2856215e-01
   6.3278729e-01
   6.3688982e-01
   6.4026970e-01
   6.4397490e-01
   6.4997196e-01
   6.5278989e-01
   6.5266329e-01
   6.5209126e-01
   6.5161824e-01
   6.5091121e-01
   6.5252763e-01
   6.5427619e-01
   6.5366566e-01
   6.5074158e-01
   6.4873320e-01
   6.4647371e-01
   6.4511168e-01
   6.4675194e-01
   6.4723635e-01
   6.4507812e-01
   6.4326096e-01
   6.4120269e-01
   6.3932687e-01
   6.4040977e-01
   6.4341128e-01
   6.4432842e-01
   6.4357197e-01
   6.4291918e-01
   6.4201361e-01
   6.4264244e-01
   6.4613205e-01
   6.4939767e-01
   6.4983845e-01
   6.5028167e-01
   6.5001458e-01
   6.4941323e-01
   6.5098232e-01
   6.5422827e-01
   6.5601003e-01
   6.5619767e-01
   6.5434039e-01
   6.5189636e-01
   6.4986849e-01
   6.4950365e-01
   6.4951926e-01
   6.4755148e-01
   6.4258814e-01
   6.3623703e-01
   6.2907767e-01
   6.2271923e-01
   6.1700547e-01
   6.1014503e-01
   6.0077959e-01
   5.8860528e-01
   5.7472718e-01
   5.6047100e-01
   5.4632026e-01
   5.3178459e-01
   5.1530832e-01
   4.9596792e-01
   4.7398540e-01
   4.5127001e-01
   4.2842028e-01
   4.0479890e-01
   3.8063225e-01
   3.5495329e-01
   3.2683504e-01
   2.9659271e-01
   2.6899949e-01
   2.4113736e-01
   2.1211557e-01
   1.8335254e-01
   1.5414162e-01
   1.2458745e-01
   9.3433283e-02
   6.5129429e-02
   3.7247077e-02
   1.1506083e-02
   1.6099026e-02
   4.5113955e-02
   7.9044238e-02
   1.1320838e-01
   1.4466232e-01
   1.7652018e-01
   2.0749073e-01
   2.3398775e-01
   2.6424566e-01
   2.9020396e-01
   3.1590131e-01
   3.3887410e-01
   3.6580017e-01
   3.9026937e-01
   4.1430071e-01
   4.3826371e-01
   4.6078011e-01
   4.8181614e-01
   5.0319862e-01
   5.2504319e-01
   5.4445487e-01
   5.6088144e-01
   5.7583725e-01
   5.8862036e-01
   6.0068649e-01
   6.1396492e-01
   6.2649441e-01
   6.3690066e-01
   6.4462847e-01
   6.5014338e-01
   6.5398496e-01
   6.5849912e-01
   6.6418552e-01
   6.6891497e-01
   6.7127377e-01
   6.7044121e-01
   6.6783661e-01
   6.6522360e-01
   6.6314250e-01
   6.6138959e-01
   6.5814304e-01
   6.5255147e-01
   6.4365464e-01
   6.3325965e-01
   6.2389106e-01
   6.1417747e-01
   6.0435998e-01
   5.9250587e-01
   5.7718605e-01
   5.5924785e-01
   5.4154301e-01
   5.2316833e-01
   5.0388432e-01
   4.8440140e-01
   4.6231514e-01
   4.3773308e-01
   4.1165146e-01
   3.8561067e-01
   3.5880396e-01
   3.3187810e-01
   3.0588871e-01
   2.7704638e-01
   2.4584167e-01
   2.1713537e-01
   1.8859483e-01
   1.5909860e-01
   1.2920779e-01
   1.0047231e-01
   7.0460476e-02
   4.1845519e-02
   1.6186867e-02
   1.0535259e-02
   3.9585371e-02
   7.3583350e-02
   1.0785404e-01
   1.3928220e-01
   1.7013742e-01
   2.0249596e-01
   2.2994363e-01
   2.5927469e-01
   2.8495663e-01
   3.1230232e-01
   3.3692452e-01
   3.5964707e-01
   3.8041520e-01
   4.0539366e-01
   4.3039870e-01
   4.5363003e-01
   4.7505111e-01
   4.9401799e-01
   5.1093692e-01
   5.2798003e-01
   5.4550821e-01
   5.6197023e-01
   5.7573438e-01
   5.8704740e-01
   5.9599149e-01
   6.0476834e-01
   6.1346132e-01
   6.2256771e-01
   6.3089448e-01
   6.3692057e-01
   6.3989371e-01
   6.4179057e-01
   6.4457375e-01
   6.4731634e-01
   6.5101731e-01
   6.5410179e-01
   6.5409499e-01
   6.5239221e-01
   6.5119880e-01
   6.5062362e-01
   6.5108806e-01
   6.5266269e-01
   6.5221262e-01
   6.4946347e-01
   6.4658970e-01
   6.4479744e-01
   6.4267999e-01
   6.4371443e-01
   6.4556468e-01
   6.4436060e-01
   6.4211172e-01
   6.4054579e-01
   6.3952780e-01
   6.3984388e-01
   6.4335054e-01
   6.4509231e-01
   6.4470047e-01
   6.4435381e-01
   6.4399505e-01
   6.4416343e-01
   6.4701468e-01
   6.5124422e-01
   6.5265870e-01
   6.5189677e-01
   6.5237772e-01
   6.5182263e-01
   6.5171421e-01
   6.5482301e-01
   6.5668178e-01
   6.5524328e-01
   6.5356749e-01
   6.5087205e-01
   6.4720154e-01
   6.4536083e-01
   6.4457792e-01
   6.4142698e-01
   6.3582408e-01
   6.2887824e-01
   6.2029457e-01
   6.1115837e-01
   6.0372013e-01
   5.9551936e-01
   5.8477092e-01
   5.7119286e-01
   5.5552101e-01
   5.3892088e-01
   5.2271742e-01
   5.0602025e-01
   4.8727018e-01
   4.6692377e-01
   4.4329476e-01
   4.1855246e-01
   3.9334929e-01
   3.6815315e-01
   3.4243339e-01
   3.1495768e-01
   2.8742951e-01
   2.5814602e-01
   2.2774228e-01
   1.9982743e-01
   1.7165957e-01
   1.4194341e-01
   1.1167373e-01
   8.1917569e-02
   5.2962668e-02
   2.5922911e-02
   3.7844044e-03
   2.7746778e-02
   5.9867613e-02
   9.3971930e-02
   1.2812887e-01
   1.5858346e-01
   1.8639386e-01
   2.1921599e-01
   2.4792282e-01
   2.7676174e-01
   3.0093685e-01
   3.2781330e-01
   3.5184044e-01
   3.7477449e-01
   3.9840606e-01
   4.2492425e-01
   4.4954681e-01
   4.7155285e-01
   4.9289548e-01
   5.1171839e-01
   5.3018814e-01
   5.4996181e-01
   5.6794471e-01
   5.8305269e-01
   5.9565979e-01
   6.0692352e-01
   6.1677331e-01
   6.2708426e-01
   6.3895142e-01
   6.4810014e-01
   6.5385455e-01
   6.5836418e-01
   6.6148835e-01
   6.6381174e-01
   6.6704983e-01
   6.7069286e-01
   6.7158049e-01
   6.6979253e-01
   6.6622090e-01
   6.6122323e-01
   6.5690720e-01
   6.5345263e-01
   6.4882660e-01
   6.4176536e-01
   6.3184643e-01
   6.2036997e-01
   6.0805106e-01
   5.9651738e-01
   5.8458203e-01
   5.7082415e-01
   5.5440360e-01
   5.3539610e-01
   5.1488107e-01
   4.9448788e-01
   4.7352672e-01
   4.5173582e-01
   4.2850021e-01
   4.0289307e-01
   3.7462896e-01
   3.4730640e-01
   3.2021263e-01
   2.9197615e-01
   2.6271150e-01
   2.3520724e-01
   2.0558240e-01
   1.7487045e-01
   1.4613189e-01
   1.1695492e-01
   8.7274745e-02
   5.7724260e-02
   3.0954262e-02
   4.8593301e-03
   2.2442395e-02
   5.3109184e-02
   8.6403430e-02
   1.2164200e-01
   1.5539345e-01
   1.8393065e-01
   2.1377914e-01
   2.4194284e-01
   2.6744691e-01
   2.9665136e-01
   3.2327300e-01
   3.4690902e-01
   3.6983287e-01
   3.9263299e-01
   4.1484326e-01
   4.3784332e-01
   4.6245438e-01
   4.8420647e-01
   5.0323087e-01
   5.2096874e-01
   5.3660524e-01
   5.5049759e-01
   5.6574070e-01
   5.8087820e-01
   5.9277844e-01
   6.0247946e-01
   6.1073291e-01
   6.1689961e-01
   6.2317955e-01
   6.3155550e-01
   6.3888800e-01
   6.4334744e-01
   6.4597440e-01
   6.4722872e-01
   6.4769518e-01
   6.5019983e-01
   6.5310001e-01
   6.5488553e-01
   6.5489656e-01
   6.5279698e-01
   6.5014917e-01
   6.4871043e-01
   6.4912391e-01
   6.4999908e-01
   6.5024662e-01
   6.4841586e-01
   6.4540786e-01
   6.4304411e-01
   6.4146626e-01
   6.4192772e-01
   6.4347535e-01
   6.4415568e-01
   6.4230126e-01
   6.4060253e-01
   6.3994807e-01
   6.3998169e-01
   6.4227659e-01
   6.4563328e-01
   6.4564282e-01
   6.4474005e-01
   6.4484513e-01
   6.4460987e-01
   6.4627033e-01
   6.5058082e-01
   6.5306759e-01
   6.5226173e-01
   6.5138286e-01
   6.5066612e-01
   6.5001941e-01
   6.5103346e-01
   6.5420491e-01
   6.5340346e-01
   6.5022093e-01
   6.4702749e-01
   6.4275539e-01
   6.3898802e-01
   6.3697410e-01
   6.3419998e-01
   6.2758482e-01
   6.1930829e-01
   6.0980880e-01
   5.9921163e-01
   5.8913833e-01
   5.8033270e-01
   5.6812340e-01
   5.5296892e-01
   5.3657424e-01
   5.1846379e-01
   4.9900573e-01
   4.8118526e-01
   4.6133807e-01
   4.3811268e-01
   4.1380677e-01
   3.8726032e-01
   3.5924429e-01
   3.3297327e-01
   3.0629197e-01
   2.7737275e-01
   2.4696942e-01
   2.1844669e-01
   1.8867944e-01
   1.5685038e-01
   1.2790656e-01
   9.7929999e-02
   6.8011701e-02
   3.9397843e-02
   1.2673956e-02
   1.5289930e-02
   4.5859151e-02
   8.0049805e-02
   1.1445439e-01
   1.4787436e-01
   1.8231051e-01
   2.1029037e-01
   2.3868489e-01
   2.6551238e-01
   2.9325905e-01
   3.2155070e-01
   3.4644473e-01
   3.6826399e-01
   3.9079028e-01
   4.1420454e-01
   4.3762916e-01
   4.6187630e-01
   4.8402068e-01
   5.0308418e-01
   5.1969546e-01
   5.3567171e-01
   5.4995018e-01
   5.6469542e-01
   5.7987940e-01
   5.9226531e-01
   6.0033619e-01
   6.0869551e-01
   6.1470509e-01
   6.2102926e-01
   6.2934589e-01
   6.3674057e-01
   6.4031285e-01
   6.4257693e-01
   6.4417171e-01
   6.4435130e-01
   6.4653236e-01
   6.5054214e-01
   6.5183586e-01
   6.5102804e-01
   6.5008843e-01
   6.4819765e-01
   6.4635056e-01
   6.4727330e-01
   6.4826113e-01
   6.4789718e-01
   6.4576989e-01
   6.4339757e-01
   6.4036548e-01
   6.3970888e-01
   6.4115995e-01
   6.4219153e-01
   6.4209110e-01
   6.4064801e-01
   6.3886076e-01
   6.3747239e-01
   6.3882440e-01
   6.4151424e-01
   6.4336979e-01
   6.4387065e-01
   6.4369124e-01
   6.4299124e-01
   6.4323968e-01
   6.4576656e-01
   6.4904928e-01
   6.5077645e-01
   6.5071762e-01
   6.4957458e-01
   6.4889580e-01
   6.4907384e-01
   6.5054995e-01
   6.5229207e-01
   6.5161306e-01
   6.4860862e-01
   6.4491224e-01
   6.4124054e-01
   6.3861120e-01
   6.3615751e-01
   6.3276368e-01
   6.2631899e-01
   6.1775386e-01
   6.0855722e-01
   5.9886569e-01
   5.8920598e-01
   5.8044404e-01
   5.6850886e-01
   5.5346990e-01
   5.3719401e-01
   5.1972228e-01
   5.0046378e-01
   4.8215634e-01
   4.6290228e-01
   4.3992072e-01
   4.1485864e-01
   3.8937473e-01
   3.6232713e-01
   3.3416352e-01
   3.0799735e-01
   2.8005585e-01
   2.4873976e-01
   2.1915160e-01
   1.9012551e-01
   1.6033347e-01
   1.2884346e-01
   9.9842377e-02
   6.9149107e-02
   4.0560834e-02
   1.3809195e-02
   1.2997578e-02