   6.1229312e-01
   6.1304396e-01
   6.1567450e-01
   6.1499453e-01
   6.1310565e-01
   6.1183089e-01
   6.1155397e-01
   6.1197853e-01
   6.1405426e-01
   6.1567223e-01
   6.1381459e-01
   6.1309165e-01
   6.0934174e-01
   6.2059057e-01
   6.5211606e-01
   6.5632010e-01
   6.5794683e-01
   6.5584469e-01
   6.5634149e-01
   6.5113288e-01
   6.5710461e-01
   6.2360644e-01
   6.1600614e-01
   6.1315739e-01
   6.1371094e-01
   6.1122489e-01
   6.1091000e-01
   6.1291492e-01
   6.1175770e-01
   6.2733102e-01
   6.5516758e-01
   6.5498698e-01
   6.5404820e-01
   6.5293479e-01
   6.5430218e-01
   6.5692908e-01
   6.5747952e-01
   6.5599740e-01
   6.5517116e-01
   6.5308505e-01
   6.5273881e-01
   6.5490431e-01
   6.5702575e-01
   6.5860403e-01
   6.5413105e-01
   6.5972322e-01
   6.2623924e-01
   6.1253959e-01
   6.1326945e-01
   6.1625230e-01
   6.1404228e-01
   6.1296624e-01
   6.1158913e-01
   6.1457044e-01
   6.4942491e-01
   6.5585595e-01
   6.5817249e-01
   6.5678513e-01
   6.5577930e-01
   6.5335757e-01
   6.5341735e-01
   6.5482330e-01
   6.5698612e-01
   6.5720743e-01
   6.5601313e-01
   6.5457809e-01
   6.5341049e-01
   6.5416843e-01
   6.5616274e-01
   6.5782046e-01
   6.5773225e-01
   6.5583181e-01
   6.5408832e-01
   6.5378815e-01
   6.5416062e-01
   6.5631968e-01
   6.5818357e-01
   6.5647143e-01
   6.5323097e-01
   6.1315328e-01
   6.1317146e-01
   6.1196476e-01
   6.1618668e-01
   6.1491454e-01
   6.1357528e-01
   6.1176473e-01
   6.1174947e-01
   6.1244845e-01
   6.1407852e-01
   6.1590958e-01
   6.1480254e-01
   6.1229837e-01
   6.1235744e-01
   6.1072361e-01
   6.1795890e-01
   6.5250105e-01
   6.5766066e-01
   6.5788251e-01
   6.5541697e-01
   6.5409559e-01
   6.5438330e-01
   6.5279686e-01
   6.6070622e-01
   6.2256050e-01
   6.1471599e-01
   6.1144888e-01
   6.1291498e-01
   6.1060590e-01
   6.1611599e-01
   6.1387551e-01
   6.2575370e-01
   6.5431708e-01
   6.5416026e-01
   6.5352029e-01
   6.5433013e-01
   6.5709352e-01
   6.5809280e-01
   6.5555614e-01
   6.5574008e-01
   6.1527419e-01
   6.1319548e-01
   6.1245769e-01
   6.1664146e-01
   6.1511457e-01
   6.1307937e-01
   6.1468256e-01
   6.0773450e-01
   6.3346744e-01
   6.5563309e-01
   6.5823305e-01
   6.5646666e-01
   6.5642351e-01
   6.5397251e-01
   6.5272301e-01
   6.5432131e-01
   6.5697718e-01
   6.5742880e-01
   6.5723068e-01
   6.5575361e-01
   6.5360057e-01
   6.5447545e-01
   6.5300167e-01
   6.6136098e-01
   6.2543964e-01
   6.1508852e-01
   6.1106819e-01
   6.1284423e-01
   6.1174458e-01
   6.1517721e-01
   6.1571091e-01
   6.1557013e-01
   6.1380565e-01
   6.1263007e-01
   6.1198938e-01
   6.1283135e-01
   6.1503834e-01
   6.1612153e-01
   6.1451161e-01
   6.1315078e-01
   6.1356848e-01
   6.4750671e-01
   6.5437955e-01
   6.5809762e-01
   6.5799510e-01
   6.5706515e-01
   6.5651834e-01
   6.5182215e-01
   6.5823948e-01
   6.2590009e-01
   6.1649156e-01
   6.1374700e-01
   6.1431289e-01
   6.1142051e-01
   6.1254525e-01
   6.1198902e-01
   6.2095231e-01
   6.5471619e-01
   6.5699452e-01
   6.5613896e-01
   6.5398419e-01
   6.5371907e-01
   6.5466422e-01
   6.5779161e-01
   6.5812165e-01
   6.5638030e-01
   6.5538484e-01
   6.5415406e-01
   6.5377665e-01
   6.5574163e-01
   6.5946901e-01
   6.5606749e-01
   6.6087919e-01
   6.3388824e-01
   6.1136442e-01
   6.1191696e-01
   6.1513138e-01
   6.1548686e-01
   6.1450505e-01
   6.1338919e-01
   6.1161697e-01
   6.1616445e-01
   6.5055436e-01
   6.5702671e-01
   6.5846318e-01
   6.5606743e-01
   6.5707690e-01
   6.5118641e-01
   6.5811086e-01
   6.2913966e-01
   6.1652768e-01
   6.1433125e-01
   6.1472160e-01
   6.1200559e-01
   6.1116821e-01
   6.1427504e-01
   6.1283827e-01
   6.2484765e-01
   6.5494990e-01
   6.5588200e-01
   6.5452611e-01
   6.5284723e-01
   6.5494663e-01
   6.5763479e-01
   6.5630352e-01
   6.5791786e-01
   6.1653930e-01
   6.1293316e-01
   6.1056578e-01
   6.1492246e-01
   6.1535680e-01
   6.1473376e-01
   6.1581224e-01
   6.0848773e-01
   6.3290817e-01
   6.5381163e-01
   6.5703821e-01
   6.5727931e-01
   6.5800500e-01
   6.5590149e-01
   6.5403765e-01
   6.5045673e-01
   6.1449015e-01
   6.1643791e-01
   6.1515921e-01
   6.1495304e-01
   6.1249155e-01
   6.1130810e-01
   6.1402142e-01
   6.1037648e-01
   6.4192307e-01
   6.5750796e-01
   6.5759617e-01
   6.5410215e-01
   6.5418512e-01
   6.5488064e-01
   6.5474021e-01
   6.6215307e-01
   6.4227694e-01
   6.1240864e-01
   6.1227399e-01
   6.1226535e-01
   6.1300546e-01
   6.1569834e-01
   6.1601263e-01
   6.1469263e-01
   6.1407661e-01
   6.4721805e-01
   6.5273529e-01
   6.5647817e-01
   6.5710622e-01
   6.5940243e-01
   6.5399033e-01
   6.5984660e-01
   6.3146001e-01
   6.1168909e-01
   6.1423206e-01
   6.1673862e-01
   6.1475354e-01
   6.1344224e-01
   6.1248595e-01
   6.1110842e-01
   6.1829424e-01
   6.5302962e-01
   6.5717536e-01
   6.5737832e-01
   6.5578437e-01
   6.5427607e-01
   6.5430701e-01
   6.5394700e-01
   6.6124952e-01
   6.2274909e-01
   6.1492324e-01
   6.1167723e-01
   6.1263067e-01
   6.1242741e-01
   6.1417741e-01
   6.1778438e-01
   6.1179060e-01
   6.3011557e-01
   6.5359664e-01
   6.5295160e-01
   6.5452582e-01
   6.5727013e-01
   6.5868229e-01
   6.5652889e-01
   6.5610349e-01
   6.1529857e-01
   6.1365080e-01
   6.1247796e-01
   6.1648870e-01
   6.1580950e-01
   6.1340076e-01
   6.1440468e-01
   6.0828054e-01
   6.3435298e-01
   6.5565479e-01
   6.5813720e-01
   6.5717810e-01
   6.5642333e-01
   6.5493250e-01
   6.5268964e-01
   6.5669954e-01
   6.4634526e-01
   6.1573923e-01
   6.1533731e-01
   6.1235392e-01
   6.1248195e-01
   6.1204481e-01
   6.1308855e-01
   6.1731023e-01
   6.1497599e-01
   6.4707291e-01
   6.5446150e-01
   6.5470856e-01
   6.5284014e-01
   6.5689498e-01
   6.5624666e-01
   6.6149926e-01
   6.3876086e-01
   6.1185187e-01
   6.1188102e-01
   6.1300385e-01
   6.1514539e-01
   6.1606538e-01
   6.1436975e-01
   6.1334765e-01
   6.1427367e-01
   6.4792788e-01
   6.5445256e-01
   6.5867913e-01
   6.5775740e-01
   6.5680552e-01
   6.5637535e-01
   6.5173525e-01
   6.5805650e-01
   6.2628162e-01
   6.1727393e-01
   6.1442506e-01
   6.1477131e-01
   6.1208820e-01
   6.1150444e-01
   6.1414921e-01
   6.1275595e-01
   6.2789857e-01
   6.5548259e-01
   6.5633267e-01
   6.5433228e-01
   6.5308487e-01
   6.5660357e-01
   6.5582037e-01
   6.6039211e-01
   6.2068033e-01
   6.1418015e-01
   6.0987496e-01
   6.1325628e-01
   6.1419821e-01
   6.1524200e-01
   6.1723536e-01
   6.1045051e-01
   6.2959325e-01
   6.5221709e-01
   6.5498757e-01
   6.5640110e-01
   6.5785486e-01
   6.5745294e-01
   6.5523064e-01
   6.5473807e-01
   6.4748770e-01
   6.1398250e-01
   6.1638147e-01
   6.1523563e-01
   6.1473978e-01
   6.1280394e-01
   6.1071301e-01
   6.1422485e-01
   6.1147261e-01
   6.4410317e-01
   6.5735924e-01
   6.5752923e-01
   6.5390831e-01
   6.5489525e-01
   6.5319747e-01
   6.5921187e-01
   6.4679319e-01
   6.1507469e-01
   6.1384946e-01
   6.1194009e-01
   6.1232728e-01
   6.1359358e-01
   6.1511326e-01
   6.1751842e-01
   6.1396688e-01
   6.4602476e-01
   6.5342206e-01
   6.5498102e-01
   6.5466988e-01
   6.5817899e-01
   6.5897512e-01
   6.5372825e-01
   6.5942830e-01
   6.2826771e-01
   6.1270922e-01
   6.1413753e-01
   6.1696935e-01
   6.1459649e-01
   6.1281013e-01
   6.1277938e-01
   6.1048001e-01
   6.2018692e-01
   6.5428269e-01
   6.5755838e-01
   6.5740901e-01
   6.5502101e-01
   6.5548867e-01
   6.5088934e-01
   6.6002917e-01
   6.2729627e-01
   6.1608320e-01
   6.1228818e-01
   6.1363310e-01
   6.1128229e-01
   6.1207908e-01
   6.1681384e-01
   6.1389977e-01
   6.2752897e-01
   6.5491170e-01
   6.5458268e-01
   6.5359735e-01
   6.5518630e-01
   6.5754658e-01
   6.5810269e-01
   6.5673137e-01
   6.5479696e-01
   6.1446506e-01
   6.1364514e-01
   6.1342794e-01
   6.1697632e-01
   6.1531943e-01
   6.1308742e-01
   6.1490327e-01
   6.0840476e-01
   6.3735271e-01
   6.5631568e-01
   6.5848303e-01
   6.5741247e-01
   6.5728700e-01
   6.5342569e-01
   6.5433460e-01
   6.4946014e-01
   6.1613554e-01
   6.1709690e-01
   6.1361605e-01
   6.1303014e-01
   6.1194652e-01
   6.1188573e-01
   6.1638284e-01
   6.1347842e-01
   6.4534348e-01
   6.5644258e-01
   6.5614909e-01
   6.5318924e-01
   6.5453786e-01
   6.5723366e-01
   6.5621251e-01
   6.6204375e-01
   6.3651317e-01
   6.1160123e-01
   6.1157936e-01
   6.1340678e-01
   6.1514187e-01
   6.1622506e-01
   6.1471301e-01
   6.1262673e-01
   6.1570346e-01
   6.4925021e-01
   6.5490842e-01
   6.5886170e-01
   6.5740782e-01
   6.5786874e-01
   6.5265286e-01
   6.5895671e-01
   6.2871778e-01
   6.1498761e-01
   6.1559993e-01
   6.1620158e-01
   6.1312217e-01
   6.1251277e-01
   6.1282015e-01
   6.1153424e-01
   6.2343979e-01
   6.5570861e-01
   6.5697688e-01
   6.5645081e-01
   6.5434819e-01
   6.5387756e-01
   6.5692908e-01
   6.5661412e-01
   6.5993154e-01
   6.1924857e-01
   6.1388785e-01
   6.1085308e-01
   6.1351287e-01
   6.1417466e-01
   6.1670971e-01
   6.1513114e-01
   6.1389560e-01
   6.1271238e-01
   6.1194783e-01
   6.1308706e-01
   6.1560160e-01
   6.1552858e-01
   6.1416090e-01
   6.1331201e-01
   6.1307681e-01
   6.4689213e-01
   6.5506041e-01
   6.5867478e-01
   6.5702021e-01
   6.5782702e-01
   6.5553761e-01
   6.5384936e-01
   6.5426052e-01
   6.5662616e-01
   6.5822411e-01
   6.5783119e-01
   6.5672559e-01
   6.5468895e-01
   6.5439302e-01
   6.5371090e-01
   6.6021234e-01
   6.4513808e-01
   6.1441344e-01
   6.1322373e-01
   6.1179644e-01
   6.1204857e-01
   6.1386013e-01
   6.1544991e-01
   6.1739236e-01
   6.1433697e-01
   6.4722264e-01
   6.5306139e-01
   6.5519899e-01
   6.5553999e-01
   6.5985459e-01
   6.5620607e-01
   6.6084564e-01
   6.3488954e-01
   6.1163312e-01
   6.1264336e-01
   6.1541653e-01
   6.1570835e-01
   6.1503673e-01
   6.1285067e-01
   6.1214751e-01
   6.1237222e-01
   6.1366248e-01
   6.1602205e-01
   6.1595213e-01
   6.1359048e-01
   6.1243951e-01
   6.1079985e-01
   6.1401439e-01
   6.1090547e-01
   6.4340997e-01
   6.5723532e-01
   6.5709400e-01
   6.5441751e-01
   6.5395522e-01
   6.5533674e-01
   6.5568340e-01
   6.6247040e-01
   6.4011186e-01
   6.1260307e-01
   6.1221385e-01
   6.1197937e-01
   6.1371356e-01
   6.1515510e-01
   6.1710078e-01
   6.1240786e-01
   6.4542913e-01
   6.5334857e-01
   6.5494317e-01
   6.5540737e-01
   6.5835935e-01
   6.5886563e-01
   6.5428019e-01
   6.5977514e-01
   6.3040048e-01
   6.1325181e-01
   6.1460382e-01
   6.1691505e-01
   6.1473030e-01
   6.1359781e-01
   6.1306310e-01
   6.1110508e-01
   6.2030548e-01
   6.5451527e-01
   6.5769142e-01
   6.5760040e-01
   6.5541029e-01
   6.5399969e-01
   6.5393806e-01
   6.5664345e-01
   6.5834421e-01
   6.5818101e-01
   6.5727705e-01
   6.5531367e-01
   6.5358645e-01
   6.5578061e-01
   6.5590197e-01
   6.6130894e-01
   6.4405608e-01
   6.1276489e-01
   6.1251062e-01
   6.1212093e-01
   6.1378878e-01
   6.1578727e-01
   6.1561751e-01
   6.1528116e-01
   6.1276674e-01
   6.4606643e-01
   6.5365052e-01
   6.5676165e-01
   6.5717739e-01
   6.5849125e-01
   6.5763760e-01
   6.5201414e-01
   6.5850031e-01
   6.2716448e-01
   6.1507469e-01
   6.1505258e-01
   6.1614537e-01
   6.1229682e-01
   6.1234444e-01
   6.1210161e-01
   6.1395711e-01
   6.1596620e-01
   6.1618978e-01
   6.1462879e-01
   6.1279297e-01
   6.1284721e-01
   6.1140919e-01
   6.1610347e-01
   6.1332738e-01
   6.4404440e-01
   6.5609819e-01
   6.5618217e-01
   6.5326649e-01
   6.5465468e-01
   6.5667725e-01
   6.5887195e-01
   6.5789443e-01
   6.5558934e-01
   6.5486228e-01
   6.5367591e-01
   6.5456986e-01
   6.5778750e-01
   6.5891808e-01
   6.5720642e-01
   6.5622950e-01
   6.5116233e-01
   6.1332333e-01
   6.1566204e-01
   6.1521107e-01
   6.1568481e-01
   6.1334670e-01
   6.1155075e-01
   6.1412263e-01
   6.0935599e-01
   6.4110154e-01
   6.5768158e-01
   6.5818518e-01
   6.5550804e-01
   6.5542769e-01
   6.5284604e-01
   6.5701807e-01
   6.4894897e-01
   6.1568093e-01
   6.1518496e-01
   6.1206579e-01
   6.1189538e-01
   6.1226553e-01
   6.1371744e-01
   6.1797416e-01
   6.1388004e-01
   6.4606577e-01
   6.5473127e-01
   6.5445608e-01
   6.5380818e-01
   6.5714753e-01
   6.5880609e-01
   6.5566152e-01
   6.6124898e-01
   6.3231546e-01
   6.1221176e-01
   6.1262405e-01
   6.1611009e-01
   6.1577547e-01
   6.1458910e-01
   6.1324847e-01
   6.1105865e-01
   6.1763221e-01
   6.5168673e-01
   6.5695441e-01
   6.5843779e-01
   6.5596241e-01
   6.5659219e-01
   6.5132618e-01
   6.5885061e-01
   6.2807894e-01
   6.1671072e-01
   6.1393458e-01
   6.1374551e-01
   6.1176455e-01
   6.1160332e-01
   6.1426288e-01
   6.1293924e-01
   6.2608063e-01
   6.5520233e-01
   6.5526563e-01
   6.5448952e-01
   6.5382981e-01
   6.5539098e-01
   6.5843683e-01
   6.5727884e-01
   6.5708137e-01
   6.1574996e-01
   6.1356086e-01
   6.1122566e-01
   6.1578906e-01
   6.1645103e-01
   6.1434126e-01
   6.1522466e-01
   6.0903740e-01
   6.3384932e-01
   6.5463209e-01
   6.5822101e-01
   6.5805787e-01
   6.5781724e-01
   6.5575922e-01
   6.5486515e-01
   6.5003091e-01
   6.1522806e-01
   6.1718661e-01
   6.1500931e-01
   6.1464286e-01
   6.1277211e-01
   6.1162436e-01
   6.1464286e-01
   6.1195588e-01
   6.4311838e-01
   6.5689677e-01
   6.5750307e-01
   6.5433013e-01
   6.5396035e-01
   6.5550703e-01
   6.5599346e-01
   6.6193587e-01
   6.3963658e-01
   6.1282754e-01
   6.1216146e-01
   6.1226231e-01
   6.1407924e-01
   6.1636859e-01
   6.1582547e-01
   6.1467624e-01
   6.1500829e-01
   6.4745033e-01
   6.5379304e-01
   6.5751445e-01
   6.5740532e-01
   6.5950185e-01
   6.5434802e-01
   6.5942883e-01
   6.2978512e-01
   6.1322188e-01
   6.1480695e-01
   6.1652118e-01
   6.1456043e-01
   6.1337435e-01
   6.1252654e-01
   6.1152393e-01
   6.1978948e-01
   6.5393764e-01
   6.5787929e-01
   6.5773904e-01
   6.5537792e-01
   6.5429312e-01
   6.5556687e-01
   6.5491605e-01
   6.6140443e-01
   6.2284493e-01
   6.1486679e-01
   6.1101812e-01
   6.1326718e-01
   6.1302024e-01
   6.1442995e-01
   6.1856568e-01
   6.1155975e-01
   6.3038898e-01
   6.5376312e-01
   6.5435028e-01
   6.5495789e-01
   6.5774542e-01
   6.5876311e-01
   6.5628397e-01
   6.5493655e-01
   6.1483705e-01
   6.1372876e-01
   6.1336839e-01
   6.1742973e-01
   6.1494404e-01
   6.1368668e-01
   6.1284143e-01
   6.1208546e-01
   6.1255896e-01
   6.1543101e-01
   6.1606413e-01
   6.1427635e-01
   6.1312115e-01
   6.1139464e-01
   6.1249077e-01
   6.1155611e-01
   6.2536967e-01
   6.5587425e-01
   6.5679139e-01
   6.5589726e-01
   6.5396643e-01
   6.5419507e-01
   6.5656042e-01
   6.5845507e-01
   6.5820110e-01
   6.5709227e-01
   6.5535730e-01
   6.5403467e-01
   6.5485740e-01
   6.5847898e-01
   6.5680319e-01
   6.6137832e-01
   6.3867480e-01
   6.1205184e-01
   6.1237180e-01
   6.1413389e-01
   6.1574340e-01
   6.1555696e-01
   6.1415696e-01
   6.1271501e-01
   6.1180615e-01
   6.1275440e-01
   6.1422235e-01
   6.1602592e-01
   6.1551797e-01
   6.1398560e-01
   6.1106640e-01
   6.1363059e-01
   6.0945189e-01
   6.4006853e-01
   6.5693402e-01
   6.5885425e-01
   6.5577787e-01
   6.5473861e-01
   6.5410990e-01
   6.5339172e-01
   6.6067249e-01
   6.4226538e-01
   6.1356908e-01
   6.1259532e-01
   6.1171955e-01
   6.1257386e-01
   6.1329114e-01
   6.1735028e-01
   6.1350179e-01
   6.4519000e-01
   6.5390128e-01
   6.5508389e-01
   6.5404445e-01
   6.5727687e-01
   6.5927964e-01
   6.5541476e-01
   6.6010964e-01
   6.3197607e-01
   6.1206037e-01
   6.1303842e-01
   6.1643440e-01
   6.1582398e-01
   6.1390495e-01
   6.1298990e-01
   6.1184615e-01
   6.1762518e-01
   6.5154123e-01
   6.5756077e-01
   6.5850168e-01
   6.5634513e-01
   6.5553868e-01
   6.5536380e-01
   6.5223765e-01
   6.6041392e-01
   6.2454319e-01
   6.1566919e-01
   6.1212051e-01
   6.1349881e-01
   6.1043435e-01
   6.1419898e-01
   6.1376625e-01
   6.2561280e-01
   6.5503579e-01
   6.5549028e-01
   6.5425110e-01
   6.5365875e-01
   6.5616757e-01
   6.5790290e-01
   6.5789074e-01
   6.5673178e-01
   6.5500796e-01
   6.5373397e-01
   6.5417904e-01
   6.5732038e-01
   6.5810603e-01
   6.5906084e-01
   6.5414637e-01
   6.5932685e-01
   6.2809438e-01
   6.1367393e-01
   6.1428523e-01
   6.1629617e-01
   6.1355817e-01
   6.1257064e-01
   6.1249310e-01
   6.1105829e-01
   6.2195426e-01
   6.5521979e-01
   6.5786284e-01
   6.5736932e-01
   6.5464455e-01
   6.5501475e-01
   6.5249819e-01
   6.6132927e-01
   6.2713474e-01
   6.1650753e-01
   6.1192745e-01
   6.1261845e-01
   6.1208719e-01
   6.1323267e-01
   6.1712205e-01
   6.1350691e-01
   6.2784618e-01
   6.5498358e-01
   6.5418613e-01
   6.5424812e-01
   6.5577829e-01
   6.5754443e-01
   6.5848070e-01
   6.5654922e-01
   6.5357482e-01
   6.1409354e-01
   6.1429310e-01
   6.1329311e-01
   6.1712885e-01
   6.1524057e-01
   6.1251855e-01
   6.1410594e-01
   6.0851365e-01
   6.3732296e-01
   6.5645349e-01
   6.5925258e-01
   6.5643978e-01
   6.5628594e-01
   6.5403241e-01
   6.5470868e-01
   6.4918423e-01
   6.1658692e-01
   6.1676604e-01
   6.1282986e-01
   6.1291862e-01
   6.1204737e-01
   6.1162150e-01
   6.1675829e-01
   6.1369723e-01
   6.4502788e-01
   6.5597314e-01
   6.5615189e-01
   6.5298551e-01
   6.5483516e-01
   6.5854037e-01
   6.5628934e-01
   6.6111070e-01
   6.3539410e-01
   6.1193740e-01
   6.1186713e-01
   6.1432821e-01
   6.1592031e-01
   6.1632341e-01
   6.1431378e-01
   6.1310744e-01
   6.1208987e-01
   6.1246473e-01
   6.1513329e-01
   6.1648208e-01
   6.1529434e-01
   6.1257243e-01
   6.1463910e-01
   6.0789937e-01
   6.3505477e-01
   6.5688890e-01
   6.5927458e-01
   6.5731782e-01
   6.5668392e-01
   6.5473229e-01
   6.5290987e-01
   6.5809870e-01
   6.4742953e-01
   6.1547649e-01
   6.1447787e-01
   6.1187464e-01
   6.1179054e-01
   6.1290723e-01
   6.1412311e-01
   6.1725980e-01
   6.1425954e-01
   6.4678758e-01
   6.5395021e-01
   6.5450799e-01
   6.5430290e-01
   6.5763927e-01
   6.5782797e-01
   6.5758854e-01
   6.5565807e-01
   6.5455276e-01
   6.5426034e-01
   6.5602303e-01
   6.5768826e-01
   6.5839791e-01
   6.5751821e-01
   6.5511864e-01
   6.5233058e-01
   6.1443210e-01
   6.1597162e-01
   6.1540973e-01
   6.1647701e-01
   6.1349428e-01
   6.1137992e-01
   6.1453825e-01
   6.1011803e-01
   6.4023906e-01
   6.5800583e-01
   6.5846908e-01
   6.5567011e-01
   6.5479130e-01
   6.5465611e-01
   6.5401220e-01
   6.6136903e-01
   6.4380431e-01
   6.1326003e-01
   6.1300862e-01
   6.1243254e-01
   6.1247396e-01
   6.1468375e-01
   6.1688149e-01
   6.1560178e-01
   6.1359924e-01
   6.1267024e-01
   6.1190176e-01
   6.1236697e-01
   6.1556298e-01
   6.1511368e-01
   6.1644483e-01
   6.0944545e-01
   6.2947845e-01
   6.5306401e-01
   6.5588391e-01
   6.5773445e-01
   6.5871352e-01
   6.5748024e-01
   6.5617758e-01
   6.5438610e-01
   6.5395421e-01
   6.5664357e-01
   6.5867990e-01
   6.5813494e-01
   6.5701437e-01
   6.5500957e-01
   6.5511292e-01
   6.5303904e-01
   6.6131330e-01
   6.2510866e-01
   6.1625320e-01
   6.1210752e-01
   6.1308789e-01
   6.1151385e-01
   6.1328262e-01
   6.1754656e-01
   6.1236423e-01
   6.3050294e-01
   6.5502334e-01
   6.5388817e-01
   6.5441859e-01
   6.5670663e-01
   6.5879196e-01
   6.5714979e-01
   6.5835547e-01
   6.1674869e-01
   6.1363792e-01
   6.1167485e-01
   6.1628282e-01
   6.1541337e-01
   6.1536038e-01
   6.1325312e-01
   6.1196876e-01
   6.1240774e-01
   6.1370116e-01
   6.1555332e-01
   6.1599213e-01
   6.1452967e-01
   6.1194491e-01
   6.1271375e-01
   6.1105359e-01
   6.2119538e-01
   6.5453565e-01
   6.5747064e-01
   6.5694684e-01
   6.5459001e-01
   6.5455848e-01
   6.5484077e-01
   6.5715086e-01
   6.5903169e-01
   6.5795481e-01
   6.5612197e-01
   6.5474480e-01
   6.5399903e-01
   6.5624464e-01
   6.5640187e-01
   6.6220486e-01
   6.4184332e-01
   6.1244464e-01
   6.1236757e-01
   6.1248255e-01
   6.1395341e-01
   6.1639613e-01
   6.1542237e-01
   6.1315125e-01
   6.1256850e-01
   6.1201400e-01
   6.1252612e-01
   6.1534357e-01
   6.1633360e-01
   6.1534196e-01
   6.1227280e-01
   6.1457318e-01
   6.0817766e-01
   6.3665557e-01
   6.5685964e-01
   6.5918404e-01
   6.5651441e-01
   6.5667677e-01
   6.5425140e-01
   6.5451956e-01
   6.5638757e-01
   6.5855867e-01
   6.5802890e-01
   6.5729475e-01
   6.5561354e-01
   6.5379053e-01
   6.5601122e-01
   6.5512788e-01
   6.6217792e-01
   6.2315780e-01
   6.1455911e-01
   6.1110973e-01
   6.1266601e-01
   6.1311573e-01
   6.1537069e-01
   6.1740285e-01
   6.1160219e-01
   6.2846547e-01
   6.5303600e-01
   6.5392542e-01
   6.5570337e-01
   6.5810776e-01
   6.5813059e-01
   6.5706170e-01
   6.5518802e-01
   6.4991617e-01
   6.1356020e-01
   6.1589962e-01
   6.1495924e-01
   6.1589044e-01
   6.1356789e-01
   6.1136305e-01
   6.1461520e-01
   6.1051464e-01
   6.4243501e-01
   6.5803075e-01
   6.5851504e-01
   6.5486050e-01
   6.5530312e-01
   6.5329796e-01
   6.5779310e-01
   6.4884853e-01
   6.1575449e-01
   6.1458993e-01
   6.1166567e-01
   6.1258870e-01
   6.1284328e-01
   6.1393797e-01
   6.1797953e-01
   6.1358386e-01
   6.4598376e-01
   6.5398318e-01
   6.5527356e-01
   6.5396821e-01
   6.5741533e-01
   6.5932506e-01
   6.5477753e-01
   6.6008782e-01
   6.3067192e-01
   6.1231148e-01
   6.1336410e-01
   6.1702335e-01
   6.1498934e-01
   6.1374879e-01
   6.1272687e-01
   6.1192775e-01
   6.1240387e-01
   6.1522818e-01
   6.1646491e-01
   6.1514187e-01
   6.1368352e-01
   6.1088079e-01
   6.1433345e-01
   6.0915637e-01
   6.3973516e-01
   6.5816337e-01
   6.5807796e-01
   6.5559071e-01
   6.5525395e-01
   6.5354609e-01
   6.5634960e-01
   6.5843928e-01
   6.5820998e-01
   6.5713584e-01
   6.5575707e-01
   6.5407974e-01
   6.5466845e-01
   6.5712279e-01
   6.5928632e-01
   6.5677029e-01
   6.5697491e-01
   6.1537856e-01
   6.1333299e-01
   6.1190224e-01
   6.1673349e-01
   6.1596239e-01
   6.1406302e-01
   6.1552221e-01
   6.0844767e-01
   6.3495535e-01
   6.5543520e-01
   6.5884197e-01
   6.5745747e-01
   6.5841573e-01
   6.5524894e-01
   6.5431446e-01
   6.5000367e-01
   6.1558920e-01
   6.1741972e-01
   6.1444527e-01
   6.1384177e-01
   6.1189568e-01
   6.1144000e-01
   6.1550128e-01
   6.1221445e-01
   6.4410508e-01
   6.5708631e-01
   6.5702361e-01
   6.5343863e-01
   6.5417027e-01
   6.5615410e-01
   6.5593237e-01
   6.6278356e-01
   6.3890457e-01
   6.1175776e-01
   6.1183280e-01
   6.1307001e-01
   6.1466998e-01
   6.1669600e-01
   6.1585611e-01
   6.1365169e-01
   6.1529273e-01
   6.4881641e-01
   6.5441012e-01
   6.5839207e-01
   6.5806299e-01
   6.5922898e-01
   6.5369010e-01
   6.5964854e-01
   6.3014221e-01
   6.1411738e-01
   6.1531234e-01
   6.1699331e-01
   6.1356646e-01
   6.1307389e-01
   6.1302811e-01
   6.1140615e-01
   6.2143523e-01
   6.5534163e-01
   6.5780085e-01
   6.5714175e-01
   6.5499663e-01
   6.5394861e-01
   6.5543216e-01
   6.5582955e-01
   6.6126120e-01
   6.2093794e-01
   6.1464787e-01
   6.1118925e-01
   6.1295724e-01
   6.1374056e-01
   6.1531538e-01
   6.1771095e-01
   6.1057973e-01
   6.3142729e-01
   6.5329605e-01
   6.5393066e-01
   6.5585124e-01
   6.5854210e-01
   6.5792030e-01
   6.5612406e-01
   6.5395474e-01
   6.1410254e-01
   6.1438501e-01
   6.1395979e-01
   6.1673325e-01
   6.1465043e-01
   6.1229438e-01
   6.1421609e-01
   6.0857493e-01
   6.3760144e-01
   6.5737098e-01
   6.5894699e-01
   6.5685320e-01
   6.5603423e-01
   6.5433407e-01
   6.5297478e-01
   6.5946048e-01
   6.4599711e-01
   6.1546487e-01
   6.1429286e-01
   6.1241919e-01
   6.1218393e-01
   6.1328101e-01
   6.1452091e-01
   6.1738443e-01
   6.1511862e-01
   6.4762324e-01
   6.5341294e-01
   6.5487486e-01
   6.5432131e-01
   6.5906453e-01
   6.5640599e-01
   6.6131550e-01
   6.3620228e-01
   6.1198962e-01
   6.1248368e-01
   6.1454660e-01
   6.1596906e-01
   6.1540627e-01
   6.1349851e-01
   6.1225587e-01
   6.1546743e-01
   6.4947480e-01
   6.5627581e-01
   6.5960741e-01
   6.5721953e-01
   6.5582752e-01
   6.5576380e-01
   6.5171003e-01
   6.5926123e-01
   6.2552518e-01
   6.1710089e-01
   6.1284131e-01
   6.1408460e-01
   6.1177701e-01
   6.1180103e-01
   6.1543989e-01
   6.1356306e-01
   6.2918794e-01
   6.5512681e-01
   6.5515530e-01
   6.5354574e-01
   6.5436834e-01
   6.5832293e-01
   6.5652293e-01
   6.5963006e-01
   6.1880875e-01
   6.1363930e-01
   6.1021334e-01
   6.1474532e-01
   6.1577088e-01
   6.1535108e-01
   6.1667693e-01
   6.0959333e-01
   6.3083899e-01
   6.5351015e-01
   6.5715384e-01
   6.5785718e-01
   6.5796423e-01
   6.5727079e-01
   6.5493941e-01
   6.5483731e-01
   6.4724332e-01
   6.1514693e-01
   6.1696970e-01
   6.1390418e-01
   6.1369562e-01
   6.1237276e-01
   6.1117059e-01
   6.1551583e-01
   6.1335075e-01
   6.4525050e-01
   6.5661359e-01
   6.5652961e-01
   6.5251893e-01
   6.5512431e-01
   6.5460473e-01
   6.6069168e-01
   6.4454162e-01
   6.1326510e-01
   6.1274642e-01
   6.1191273e-01
   6.1269343e-01
   6.1452365e-01
   6.1527389e-01
   6.1585748e-01
   6.1320841e-01
   6.4597291e-01
   6.5313619e-01
   6.5580934e-01
   6.5660053e-01
   6.5854758e-01
   6.5816814e-01
   6.5302539e-01
   6.5895718e-01
   6.2729907e-01
   6.1459589e-01
   6.1482906e-01
   6.1660326e-01
   6.1363834e-01
   6.1165679e-01
   6.1288190e-01
   6.1117125e-01
   6.2328619e-01
   6.5580207e-01
   6.5758950e-01
   6.5625048e-01
   6.5426642e-01
   6.5534133e-01
   6.5255886e-01
   6.6141129e-01
   6.2573963e-01
   6.1506701e-01
   6.1151266e-01
   6.1314559e-01
   6.1151999e-01
   6.1349863e-01
   6.1797488e-01
   6.1280477e-01
   6.2794828e-01
   6.5407211e-01
   6.5377092e-01
   6.5421617e-01
   6.5717995e-01
   6.5871644e-01
   6.5774220e-01
   6.5615559e-01
   6.5240228e-01
   6.1305553e-01
   6.1419666e-01
   6.1440688e-01
   6.1700237e-01
   6.1409575e-01
   6.1211449e-01
   6.1441535e-01
   6.0833687e-01
   6.3930547e-01
   6.5755451e-01
   6.5908939e-01
   6.5629977e-01
   6.5664196e-01
   6.5291733e-01
   6.5563661e-01
   6.4952105e-01
   6.1637431e-01
   6.1593163e-01
   6.1319321e-01
   6.1317253e-01
   6.1240023e-01
   6.1284238e-01
   6.1736089e-01
   6.1356324e-01
   6.4620256e-01
   6.5560412e-01
   6.5540546e-01
   6.5327841e-01
   6.5651989e-01
   6.5896225e-01
   6.5605444e-01
   6.6158867e-01
   6.3315725e-01
   6.1168665e-01
   6.1229205e-01
   6.1513120e-01
   6.1597419e-01
   6.1528450e-01
   6.1388117e-01
   6.1145937e-01
   6.1641878e-01
   6.5091926e-01
   6.5685982e-01
   6.5935814e-01
   6.5723610e-01
   6.5775102e-01
   6.5184844e-01
   6.5868253e-01
   6.2805629e-01
   6.1603713e-01
   6.1475039e-01
   6.1494255e-01
   6.1201495e-01
   6.1194843e-01
   6.1401117e-01
   6.1257452e-01
   6.2611550e-01
   6.5599447e-01
   6.5596306e-01
   6.5530556e-01
   6.5354711e-01
   6.5483147e-01
   6.5784651e-01
   6.5768707e-01
   6.5830183e-01
   6.1695021e-01
   6.1326015e-01
   6.1076039e-01
   6.1428285e-01
   6.1595732e-01
   6.1575902e-01
   6.1641347e-01
   6.0957265e-01
   6.3344473e-01
   6.5357846e-01
   6.5720218e-01
   6.5779334e-01
   6.5814954e-01
   6.5645468e-01
   6.5541840e-01
   6.5050012e-01
   6.1380738e-01
   6.1647940e-01
   6.1494577e-01
   6.1498135e-01
   6.1307240e-01
   6.1138558e-01
   6.1397666e-01
   6.1060417e-01
   6.4199531e-01
   6.5719068e-01
   6.5781987e-01
   6.5474534e-01
   6.5408427e-01
   6.5425777e-01
   6.5494978e-01
   6.6148514e-01
   6.4148319e-01
   6.1308372e-01
   6.1266917e-01
   6.1183387e-01
   6.1299020e-01
   6.1517811e-01
   6.1541104e-01
   6.1531097e-01
   6.1466068e-01
   6.4745760e-01
   6.5287131e-01
   6.5658516e-01
   6.5666932e-01
   6.5941101e-01
   6.5496647e-01
   6.6009963e-01
   6.3167745e-01
   6.1273187e-01
   6.1432821e-01
   6.1626810e-01
   6.1501962e-01
   6.1341000e-01
   6.1249685e-01
   6.1128688e-01
   6.1814213e-01
   6.5315634e-01
   6.5789980e-01
   6.5890044e-01
   6.5617210e-01
   6.5459377e-01
   6.5536815e-01
   6.5329188e-01
   6.6104633e-01
   6.2401217e-01
   6.1549264e-01
   6.1150467e-01
   6.1346990e-01
   6.1207789e-01
   6.1365461e-01
   6.1847872e-01
   6.1215484e-01
   6.3021141e-01
   6.5412718e-01
   6.5421498e-01
   6.5453857e-01
   6.5700674e-01
   6.5894306e-01
   6.5632242e-01
   6.5663683e-01
   6.1578810e-01
   6.1348122e-01
   6.1230153e-01
   6.1672187e-01
   6.1610597e-01
   6.1328650e-01
   6.1519700e-01
   6.0838842e-01
   6.3369030e-01
   6.5545899e-01
   6.5880990e-01
   6.5742040e-01
   6.5678430e-01
   6.5588439e-01
   6.5310287e-01
   6.5642148e-01
   6.4732879e-01
   6.1660969e-01
   6.1575669e-01
   6.1316270e-01
   6.1288023e-01
   6.1225384e-01
   6.1313558e-01
   6.1741984e-01
   6.1524272e-01
   6.4732212e-01
   6.5562749e-01
   6.5552437e-01
   6.5301561e-01
   6.5779650e-01
   6.5676057e-01
   6.6179520e-01
   6.4044106e-01
   6.1206841e-01
   6.1182356e-01
   6.1303407e-01
   6.1523914e-01
   6.1626518e-01
   6.1549312e-01
   6.1422181e-01
   6.1411619e-01
   6.4712441e-01
   6.5457505e-01
   6.5871966e-01
   6.5786707e-01
   6.5763068e-01
   6.5694046e-01
   6.5195107e-01
   6.5864992e-01
   6.2686038e-01
   6.1669022e-01
   6.1523241e-01
   6.1524516e-01
   6.1222923e-01
   6.1152816e-01
   6.1410743e-01
   6.1280894e-01
   6.2699550e-01
   6.5640026e-01
   6.5639216e-01
   6.5453130e-01
   6.5376413e-01
   6.5605432e-01
   6.5490502e-01
   6.6177183e-01
   6.2202972e-01
   6.1384970e-01
   6.1092573e-01
   6.1356384e-01
   6.1359978e-01
   6.1567032e-01
   6.1831814e-01
   6.1059761e-01
   6.2912196e-01
   6.5318632e-01
   6.5475661e-01
   6.5613669e-01
   6.5891171e-01
   6.5847731e-01
   6.5611863e-01
   6.5581340e-01
   6.4939016e-01
   6.1378735e-01
   6.1694390e-01
   6.1555237e-01
   6.1501056e-01
   6.1308646e-01
   6.1128461e-01
   6.1410022e-01
   6.1108363e-01
   6.4437062e-01
   6.5772837e-01
   6.5770084e-01
   6.5465659e-01
   6.5502018e-01
   6.5273386e-01
   6.5885764e-01
   6.4774472e-01
   6.1429209e-01
   6.1387712e-01
   6.1193758e-01
   6.1186105e-01
   6.1296648e-01
   6.1507136e-01
   6.1757362e-01
   6.1330920e-01
   6.4643228e-01
   6.5353125e-01
   6.5474653e-01
   6.5531760e-01
   6.5846092e-01
   6.5899074e-01
   6.5448624e-01
   6.5995085e-01
   6.2929785e-01
   6.1302394e-01
   6.1416179e-01
   6.1714101e-01
   6.1504942e-01
   6.1350584e-01
   6.1295277e-01
   6.1086953e-01
   6.2053907e-01
   6.5428144e-01
   6.5772271e-01
   6.5863025e-01
   6.5581936e-01
   6.5563875e-01
   6.5144479e-01
   6.6082311e-01
   6.2795728e-01
   6.1665964e-01
   6.1331987e-01
   6.1366630e-01
   6.1159432e-01
   6.1292529e-01
   6.1638588e-01
   6.1381459e-01
   6.2741613e-01
   6.5502995e-01
   6.5431350e-01
   6.5448153e-01
   6.5521187e-01
   6.5737629e-01
   6.5899611e-01
   6.5669847e-01
   6.5476269e-01
   6.1434126e-01
   6.1379033e-01
   6.1267412e-01
   6.1662692e-01
   6.1590493e-01
   6.1320752e-01
   6.1477745e-01
   6.0835272e-01
   6.3571304e-01
   6.5561849e-01
   6.5898556e-01
   6.5722930e-01
   6.5715796e-01
   6.5431821e-01
   6.5461540e-01
   6.4912963e-01
   6.1596382e-01
   6.1726898e-01
   6.1348754e-01
   6.1330092e-01
   6.1255032e-01
   6.1174023e-01
   6.1578023e-01
   6.1346024e-01
   6.4462358e-01
   6.5654689e-01
   6.5660334e-01
   6.5306073e-01
   6.5426624e-01
   6.5767759e-01
   6.5712500e-01
   6.6214526e-01
   6.3706434e-01
   6.1246699e-01
   6.1224622e-01
   6.1363339e-01
   6.1537719e-01
   6.1663264e-01
   6.1484510e-01
   6.1338806e-01
   6.1561155e-01
   6.4875305e-01
   6.5484083e-01
   6.5861267e-01
   6.5704548e-01
   6.5849692e-01
   6.5314740e-01
   6.5885413e-01
   6.2912548e-01
   6.1504751e-01
   6.1537391e-01
   6.1615437e-01
   6.1329085e-01
   6.1234301e-01
   6.1222988e-01
   6.1190593e-01
   6.2282592e-01
   6.5512288e-01
   6.5750921e-01
   6.5712124e-01
   6.5387338e-01
   6.5363598e-01
   6.5669340e-01
   6.5635675e-01
   6.6040397e-01
   6.2027580e-01
   6.1393297e-01
   6.1038858e-01
   6.1352694e-01
   6.1437440e-01
   6.1570978e-01
   6.1787003e-01
   6.1024427e-01
   6.3102818e-01
   6.5331864e-01
   6.5550929e-01
   6.5683424e-01
   6.5901434e-01
   6.5794015e-01
   6.5540272e-01
   6.5315372e-01
   6.1458987e-01
   6.1534965e-01
   6.1462891e-01
   6.1704201e-01
   6.1448097e-01
   6.1196637e-01
   6.1486334e-01
   6.0917127e-01
   6.3780373e-01
   6.5815061e-01
   6.5886235e-01
   6.5639305e-01
   6.5586019e-01
   6.5438724e-01
   6.5294647e-01
   6.5931863e-01
   6.4542508e-01
   6.1431557e-01
   6.1347795e-01
   6.1222237e-01
   6.1248475e-01
   6.1405325e-01
   6.1584729e-01
   6.1710507e-01
   6.1370695e-01
   6.4717084e-01
   6.5306550e-01
   6.5438628e-01
   6.5534335e-01
   6.5992498e-01
   6.5555710e-01
   6.6062832e-01
   6.3588315e-01
   6.1156833e-01
   6.1272627e-01
   6.1588353e-01
   6.1613810e-01
   6.1487705e-01
   6.1373883e-01
   6.1198753e-01
   6.1520374e-01
   6.5043598e-01
   6.5735286e-01
   6.5875870e-01
   6.5671110e-01
   6.5623921e-01
   6.5571094e-01
   6.5193081e-01
   6.6041785e-01
   6.2610179e-01
   6.1679834e-01
   6.1293840e-01
   6.1381745e-01
   6.1114073e-01
   6.1367315e-01
   6.1535156e-01
   6.1622137e-01
   6.1511612e-01
   6.1341602e-01
   6.1181784e-01
   6.1212558e-01
   6.1388224e-01
   6.1497962e-01
   6.1773294e-01
   6.1321872e-01
   6.4544249e-01
   6.5315861e-01
   6.5552926e-01
   6.5577960e-01
   6.5896994e-01
   6.5842932e-01
   6.5745634e-01
   6.5534168e-01
   6.5403366e-01
   6.5503412e-01
   6.5717959e-01
   6.5873134e-01
   6.5818894e-01
   6.5711749e-01
   6.5448564e-01
   6.5588212e-01
   6.4788854e-01
   6.1598337e-01
   6.1746365e-01
   6.1378485e-01
   6.1338812e-01
   6.1222923e-01
   6.1280173e-01
   6.1455977e-01
   6.1675793e-01
   6.1613566e-01
   6.1380422e-01
   6.1299837e-01
   6.1233604e-01
   6.1252064e-01
   6.1626923e-01
   6.1438030e-01
   6.2631929e-01
   6.5469539e-01
   6.5489638e-01
   6.5416372e-01
   6.5519655e-01
   6.5813720e-01
   6.5896374e-01
   6.5741217e-01
   6.5614164e-01
   6.5479279e-01
   6.5409350e-01
   6.5602958e-01
   6.5840048e-01
   6.5809149e-01
   6.5815753e-01
   6.5350634e-01
   6.5905964e-01
   6.2718475e-01
   6.1569458e-01
   6.1540866e-01
   6.1593562e-01
   6.1321431e-01
   6.1230201e-01
   6.1290991e-01
   6.1143082e-01
   6.2485224e-01
   6.5578616e-01
   6.5750331e-01
   6.5641040e-01
   6.5393054e-01
   6.5539157e-01
   6.5399534e-01
   6.6216809e-01
   6.2518960e-01
   6.1483502e-01
   6.1136174e-01
   6.1293304e-01
   6.1253756e-01
   6.1433452e-01
   6.1780149e-01
   6.1240435e-01
   6.2851959e-01
   6.5378338e-01
   6.5380144e-01
   6.5547407e-01
   6.5794086e-01
   6.5801507e-01
   6.5761966e-01
   6.5603065e-01
   6.5114713e-01
   6.1366540e-01
   6.1553884e-01
   6.1486614e-01
   6.1653399e-01
   6.1414844e-01
   6.1164981e-01
   6.1479139e-01
   6.0945725e-01
   6.4052933e-01
   6.5791559e-01
   6.5926456e-01
   6.5588796e-01
   6.5578455e-01
   6.5323240e-01
   6.5643680e-01
   6.4900583e-01
   6.1629301e-01
   6.1550248e-01
   6.1213523e-01
   6.1295044e-01
   6.1223161e-01
   6.1408854e-01
   6.1622787e-01
   6.1598706e-01
   6.1392558e-01
   6.1253291e-01
   6.1204535e-01
   6.1224681e-01
   6.1482358e-01
   6.1511075e-01
   6.1707985e-01
   6.0944349e-01
   6.3116270e-01
   6.5327793e-01
   6.5533286e-01
   6.5691853e-01
   6.5890604e-01
   6.5758747e-01
   6.5531272e-01
   6.5566158e-01
   6.4728099e-01
   6.1424053e-01
   6.1668915e-01
   6.1505628e-01
   6.1476260e-01
   6.1149102e-01
   6.1458302e-01
   6.0890335e-01
   6.3882679e-01
   6.5795898e-01
   6.5877295e-01
   6.5597773e-01
   6.5574521e-01
   6.5359497e-01
   6.5488839e-01
   6.5797478e-01
   6.5917152e-01
   6.5748560e-01
   6.5636170e-01
   6.5480226e-01
   6.5384746e-01
   6.5622491e-01
   6.5888566e-01
   6.5732092e-01
   6.5819931e-01
   6.1654317e-01
   6.1319929e-01
   6.1120588e-01
   6.1542588e-01
   6.1551398e-01
   6.1546713e-01
   6.1372095e-01
   6.1242390e-01
   6.1198664e-01
   6.1288857e-01
   6.1530197e-01
   6.1596030e-01
   6.1483490e-01
   6.1286706e-01
   6.1139578e-01
   6.1508936e-01
   6.5049505e-01
   6.5689075e-01
   6.5853649e-01
   6.5639222e-01
   6.5521628e-01
   6.5479499e-01
   6.5185308e-01
   6.6040409e-01
   6.2597936e-01
   6.1630857e-01
   6.1228669e-01
   6.1294180e-01
   6.1152565e-01
   6.1254251e-01
   6.1652672e-01
   6.1337262e-01
   6.2921017e-01
   6.5511894e-01
   6.5405619e-01
   6.5417218e-01
   6.5570545e-01
   6.5786380e-01
   6.5885556e-01
   6.5689498e-01
   6.5294605e-01
   6.1398488e-01
   6.1421674e-01
   6.1318141e-01
   6.1762846e-01
   6.1389416e-01
   6.1604297e-01
   6.0923481e-01
   6.3107926e-01
   6.5411580e-01
   6.5761703e-01
   6.5805864e-01
   6.5775430e-01
   6.5574527e-01
   6.5481132e-01
   6.5360051e-01
   6.5490460e-01
   6.5802765e-01
   6.5847242e-01
   6.5700215e-01
   6.5597457e-01
   6.5448231e-01
   6.5501094e-01
   6.5450054e-01
   6.6142660e-01
   6.2209982e-01
   6.1493164e-01
   6.1075431e-01
   6.1257899e-01
   6.1240697e-01
   6.1438459e-01
   6.1773694e-01
   6.1090779e-01
   6.3101155e-01
   6.5394336e-01
   6.5423703e-01
   6.5553117e-01
   6.5816516e-01
   6.5845555e-01
   6.5652674e-01
   6.5544057e-01
   6.1451793e-01
   6.1389297e-01
   6.1303467e-01
   6.1709082e-01
   6.1460662e-01
   6.1422032e-01
   6.1262733e-01
   6.1218911e-01
   6.1338711e-01
   6.1543679e-01
   6.1597115e-01
   6.1515850e-01
   6.1374646e-01
   6.1221749e-01
   6.1165029e-01
   6.1538476e-01
   6.1259830e-01