   2.2737864e-02
   5.4100018e-02
   8.7763950e-02
   1.2139146e-01
   1.5549947e-01
   1.8542649e-01
   2.1334179e-01
   2.4287458e-01
   2.6886719e-01
   2.9826376e-01
   3.2394984e-01
   3.4846422e-01
   3.7020996e-01
   3.9529729e-01
   4.2037967e-01
   4.4558743e-01
   4.7051549e-01
   4.9183935e-01
   5.1048875e-01
   5.2870452e-01
   5.4620141e-01
   5.6416541e-01
   5.8121097e-01
   5.9613031e-01
   6.0740262e-01
   6.1722583e-01
   6.2636501e-01
   6.3565463e-01
   6.4507115e-01
   6.5488106e-01
   6.6004455e-01
   6.6240710e-01
   6.6446555e-01
   6.6560000e-01
   6.6751927e-01
   6.7032421e-01
   6.7076308e-01
   6.6751552e-01
   6.6323918e-01
   6.5843022e-01
   6.5201443e-01
   6.4703810e-01
   6.4250368e-01
   6.3419467e-01
   6.2273073e-01
   6.1079776e-01
   5.9741342e-01
   5.8333856e-01
   5.7090664e-01
   5.5652130e-01
   5.3812855e-01
   5.1793140e-01
   4.9679780e-01
   4.7389847e-01
   4.5230466e-01
   4.3046039e-01
   4.0546739e-01
   3.7837738e-01
   3.5127670e-01
   3.2253551e-01
   2.9264817e-01
   2.6615089e-01
   2.3866460e-01
   2.0867389e-01
   1.7818305e-01
   1.4898515e-01
   1.1961222e-01
   8.9129940e-02
   6.1369490e-02
   3.3515327e-02
   7.6650400e-03
   1.9322027e-02
   4.9267240e-02
   8.3396174e-02
   1.1782392e-01
   1.4998837e-01
   1.8183483e-01
   2.1196678e-01
   2.3664747e-01
   2.6543987e-01
   2.9193798e-01
   3.1867725e-01
   3.4283608e-01
   3.6877525e-01
   3.9008874e-01
   4.1268450e-01
   4.3552303e-01
   4.5793661e-01
   4.7977954e-01
   5.0165349e-01
   5.1989257e-01
   5.3519320e-01
   5.4944384e-01
   5.6312168e-01
   5.7602513e-01
   5.8982462e-01
   6.0221016e-01
   6.1074942e-01
   6.1724800e-01
   6.2312990e-01
   6.2849849e-01
   6.3479757e-01
   6.4170808e-01
   6.4653718e-01
   6.4842719e-01
   6.4868963e-01
   6.4918762e-01
   6.4982480e-01
   6.5181130e-01
   6.5466762e-01
   6.5422577e-01
   6.5224177e-01
   6.5032721e-01
   6.4785713e-01
   6.4739561e-01
   6.4884138e-01
   6.4939731e-01
   6.4708060e-01
   6.4466995e-01
   6.4232641e-01
   6.4015937e-01
   6.4083457e-01
   6.4315897e-01
   6.4342022e-01
   6.4215171e-01
   6.4133739e-01
   6.3978738e-01
   6.3950509e-01
   6.4252400e-01
   6.4568681e-01
   6.4621079e-01
   6.4615029e-01
   6.4579076e-01
   6.4510429e-01
   6.4694101e-01
   6.5044254e-01
   6.5280253e-01
   6.5309805e-01
   6.5207970e-01
   6.5023786e-01
   6.4939016e-01
   6.5060943e-01
   6.5208346e-01
   6.5118694e-01
   6.4831215e-01
   6.4442509e-01
   6.3933778e-01
   6.3501239e-01
   6.3170165e-01
   6.2729210e-01
   6.2065589e-01
   6.1127299e-01
   6.0066628e-01
   5.8926088e-01
   5.7827139e-01
   5.6758147e-01
   5.5522692e-01
   5.3984255e-01
   5.2093971e-01
   5.0110114e-01
   4.8112661e-01
   4.6120048e-01
   4.4018260e-01
   4.1697177e-01
   3.9077079e-01
   3.6267033e-01
   3.3585784e-01
   3.0774093e-01
   2.7905738e-01
   2.5098157e-01
   2.2193453e-01
   1.9127397e-01
   1.5991177e-01
   1.3076128e-01
   1.0090275e-01
   7.0756920e-02
   4.2337991e-02
   1.5709417e-02
   1.2444623e-02
   4.1976389e-02
   7.5802565e-02
   1.1038160e-01
   1.4539006e-01
   1.7859517e-01
   2.0643951e-01
   2.3604897e-01
   2.6185811e-01
   2.8930044e-01
   3.1716749e-01
   3.4343681e-01
   3.6600813e-01
   3.8982144e-01
   4.1236675e-01
   4.3476644e-01
   4.5757961e-01
   4.8062941e-01
   5.0079709e-01
   5.1870096e-01
   5.3476465e-01
   5.4840547e-01
   5.6141448e-01
   5.7527560e-01
   5.8923548e-01
   5.9998608e-01
   6.0884845e-01
   6.1491174e-01
   6.2000561e-01
   6.2603158e-01
   6.3309699e-01
   6.3933539e-01
   6.4367121e-01
   6.4527750e-01
   6.4529955e-01
   6.4562207e-01
   6.4760536e-01
   6.4998406e-01
   6.5168041e-01
   6.5138936e-01
   6.4965516e-01
   6.4699626e-01
   6.4574021e-01
   6.4556855e-01
   6.4659292e-01
   6.4690411e-01
   6.4484769e-01
   6.4231259e-01
   6.4036864e-01
   6.3906181e-01
   6.3973242e-01
   6.4187270e-01
   6.4213580e-01
   6.4037687e-01
   6.3903695e-01
   6.3816917e-01
   6.3868529e-01
   6.4121366e-01
   6.4389306e-01
   6.4432585e-01
   6.4384687e-01
   6.4411443e-01
   6.4373612e-01
   6.4501935e-01
   6.4948082e-01
   6.5177369e-01
   6.5101802e-01
   6.5040672e-01
   6.4923012e-01
   6.4821064e-01
   6.4967573e-01
   6.5132034e-01
   6.4978993e-01
   6.4670122e-01
   6.4312291e-01
   6.3811326e-01
   6.3417506e-01
   6.3148576e-01
   6.2749314e-01
   6.1981112e-01
   6.1079520e-01
   6.0057855e-01
   5.8895552e-01
   5.7901472e-01
   5.6880242e-01
   5.5553091e-01
   5.3994501e-01
   5.2220541e-01
   5.0257707e-01
   4.8276570e-01
   4.6345738e-01
   4.4245636e-01
   4.1877291e-01
   3.9293256e-01
   3.6566710e-01
   3.3705181e-01
   3.1082514e-01
   2.8286156e-01
   2.5326258e-01
   2.2491723e-01
   1.9512385e-01
   1.6493522e-01
   1.3416438e-01
   1.0446475e-01
   7.4249759e-02
   4.5427136e-02
   1.8457148e-02
   8.6181378e-03
   3.7462473e-02
   7.1619652e-02
   1.0681390e-01
   1.4048697e-01
   1.7213808e-01
   2.0538703e-01
   2.3302191e-01
   2.6081905e-01
   2.8622100e-01
   3.1450957e-01
   3.4092617e-01
   3.6500975e-01
   3.8643128e-01
   4.1054058e-01
   4.3258023e-01
   4.5552570e-01
   4.7890663e-01
   4.9969825e-01
   5.1755399e-01
   5.3355026e-01
   5.4830897e-01
   5.6083244e-01
   5.7519895e-01
   5.8964974e-01
   6.0031891e-01
   6.0821009e-01
   6.1598104e-01
   6.2146586e-01
   6.2681752e-01
   6.3467383e-01
   6.4116025e-01
   6.4423364e-01
   6.4622122e-01
   6.4676267e-01
   6.4668447e-01
   6.4868182e-01
   6.5178323e-01
   6.5283960e-01
   6.5231448e-01
   6.5060991e-01
   6.4825422e-01
   6.4634389e-01
   6.4738292e-01
   6.4867193e-01
   6.4820993e-01
   6.4607579e-01
   6.4354533e-01
   6.4103991e-01
   6.4084607e-01
   6.4210105e-01
   6.4312631e-01
   6.4323783e-01
   6.4181679e-01
   6.3991475e-01
   6.3913429e-01
   6.4025563e-01
   6.4287239e-01
   6.4521486e-01
   6.4569420e-01
   6.4476943e-01
   6.4414138e-01
   6.4446700e-01
   6.4698321e-01
   6.5054733e-01
   6.5256983e-01
   6.5228420e-01
   6.5063328e-01
   6.4990199e-01
   6.4980239e-01
   6.5136278e-01
   6.5321660e-01
   6.5184128e-01
   6.4786971e-01
   6.4370602e-01
   6.3972032e-01
   6.3616562e-01
   6.3354504e-01
   6.2973344e-01
   6.2239605e-01
   6.1315542e-01
   6.0356903e-01
   5.9253025e-01
   5.8231837e-01
   5.7276851e-01
   5.5902213e-01
   5.4218864e-01
   5.2503955e-01
   5.0650817e-01
   4.8659933e-01
   4.6801981e-01
   4.4720444e-01
   4.2280865e-01
   3.9726678e-01
   3.7084335e-01
   3.4285438e-01
   3.1498519e-01
   2.8861660e-01
   2.6026317e-01
   2.2902180e-01
   1.9985032e-01
   1.6993088e-01
   1.3910057e-01
   1.0924605e-01
   7.9802074e-02
   4.9916055e-02
   2.3011133e-02
   5.4525542e-03
   3.3089444e-02
   6.6305354e-02
   1.0109839e-01
   1.3594222e-01
   1.6811076e-01
   1.9567290e-01
   2.2736517e-01
   2.5499254e-01
   2.8312638e-01
   3.0860341e-01
   3.3600551e-01
   3.6064503e-01
   3.8320369e-01
   4.0454605e-01
   4.2828456e-01
   4.5178774e-01
   4.7453612e-01
   4.9625865e-01
   5.1411313e-01
   5.2958786e-01
   5.4431057e-01
   5.5805898e-01
   5.7250589e-01
   5.8686751e-01
   5.9762776e-01
   6.0521543e-01
   6.1237371e-01
   6.1904222e-01
   6.2533802e-01
   6.3287252e-01
   6.3956779e-01
   6.4212269e-01
   6.4324141e-01
   6.4476001e-01
   6.4539611e-01
   6.4722258e-01
   6.5079546e-01
   6.5219873e-01
   6.5020406e-01
   6.4900404e-01
   6.4675945e-01
   6.4526719e-01
   6.4640909e-01
   6.4778054e-01
   6.4714396e-01
   6.4482415e-01
   6.4275986e-01
   6.4004505e-01
   6.3924569e-01
   6.4165461e-01
   6.4242917e-01
   6.4132810e-01
   6.4030814e-01
   6.3863760e-01
   6.3714051e-01
   6.3897073e-01
   6.4204550e-01
   6.4361829e-01
   6.4398980e-01
   6.4369708e-01
   6.4304829e-01
   6.4337277e-01
   6.4669871e-01
   6.4995354e-01
   6.5083092e-01
   6.5097570e-01
   6.4956373e-01
   6.4856684e-01
   6.4932144e-01
   6.5110272e-01
   6.5202665e-01
   6.5066504e-01
   6.4709675e-01
   6.4304739e-01
   6.3920319e-01
   6.3616323e-01
   6.3356221e-01
   6.2945580e-01
   6.2203217e-01
   6.1306190e-01
   6.0282075e-01
   5.9299457e-01
   5.8367795e-01
   5.7306731e-01
   5.6018013e-01
   5.4422009e-01
   5.2651191e-01
   5.0814909e-01
   4.8908535e-01
   4.6972784e-01
   4.4945702e-01
   4.2577595e-01
   3.9952105e-01
   3.7335208e-01
   3.4606853e-01
   3.1841758e-01
   2.9066271e-01
   2.6308060e-01
   2.3321354e-01
   2.0178369e-01
   1.7309618e-01
   1.4366144e-01
   1.1282817e-01
   8.2783990e-02
   5.3839374e-02
   2.6313478e-02
   1.9555602e-03
   2.8672388e-02
   6.1366335e-02
   9.7113840e-02
   1.3141564e-01
   1.6388267e-01
   1.9615012e-01
   2.2183047e-01
   2.5098854e-01
   2.7963993e-01
   3.0799484e-01
   3.3269349e-01
   3.5760719e-01
   3.8036573e-01
   4.0231222e-01
   4.2576286e-01
   4.5031407e-01
   4.7324839e-01
   4.9377066e-01
   5.1243472e-01
   5.2843851e-01
   5.4262030e-01
   5.5800545e-01
   5.7323915e-01
   5.8646739e-01
   5.9773606e-01
   6.0584247e-01
   6.1243623e-01
   6.1888033e-01
   6.2609649e-01
   6.3360953e-01
   6.3999546e-01
   6.4373255e-01
   6.4503157e-01
   6.4539295e-01
   6.4691263e-01
   6.4935321e-01
   6.5188032e-01
   6.5337723e-01
   6.5190798e-01
   6.4959192e-01
   6.4833450e-01
   6.4748311e-01
   6.4861512e-01
   6.4977175e-01
   6.4812243e-01
   6.4536601e-01
   6.4319253e-01
   6.4134258e-01
   6.4052999e-01
   6.4271325e-01
   6.4384806e-01
   6.4282751e-01
   6.4086515e-01
   6.3997853e-01
   6.3941652e-01
   6.4062935e-01
   6.4437890e-01
   6.4537644e-01
   6.4420623e-01
   6.4437264e-01
   6.4403105e-01
   6.4419216e-01
   6.4811021e-01
   6.5137243e-01
   6.5191245e-01
   6.5208197e-01
   6.5100372e-01
   6.4972860e-01
   6.5057737e-01
   6.5313220e-01
   6.5373075e-01
   6.5178102e-01
   6.4888245e-01
   6.4465052e-01
   6.4048338e-01
   6.3857567e-01
   6.3621318e-01
   6.3149172e-01
   6.2387878e-01
   6.1530709e-01
   6.0501343e-01
   5.9548438e-01
   5.8685046e-01
   5.7661486e-01
   5.6320202e-01
   5.4767472e-01
   5.3014010e-01
   5.1089722e-01
   4.9305919e-01
   4.7461149e-01
   4.5320675e-01
   4.3014920e-01
   4.0457401e-01
   3.7726027e-01
   3.5094717e-01
   3.2441160e-01
   2.9612488e-01
   2.6700136e-01
   2.3847272e-01
   2.0830770e-01
   1.7699985e-01
   1.4818563e-01
   1.1849897e-01
   8.7851673e-02
   5.7967965e-02
   3.0432964e-02
   5.6472230e-03
   2.3886237e-02
   5.5887382e-02
   9.0849735e-02
   1.2641236e-01
   1.5972908e-01
   1.8841472e-01
   2.1900918e-01
   2.4630083e-01
   2.7425349e-01
   3.0308500e-01
   3.2943189e-01
   3.5158044e-01
   3.7559393e-01
   3.9815372e-01
   4.2156953e-01
   4.4585651e-01
   4.6951082e-01
   4.8981452e-01
   5.0721765e-01
   5.2441990e-01
   5.3961706e-01
   5.5427146e-01
   5.7034057e-01
   5.8387500e-01
   5.9354776e-01
   6.0258120e-01
   6.0978383e-01
   6.1605632e-01
   6.2416339e-01
   6.3232476e-01
   6.3763893e-01
   6.4026731e-01
   6.4234018e-01
   6.4341372e-01
   6.4448959e-01
   6.4813960e-01
   6.5124881e-01
   6.5125966e-01
   6.5047163e-01
   6.4871579e-01
   6.4620787e-01
   6.4619952e-01
   6.4781630e-01
   6.4834881e-01
   6.4679760e-01
   6.4432883e-01
   6.4202416e-01
   6.4024037e-01
   6.4058089e-01
   6.4211082e-01
   6.4245689e-01
   6.4109695e-01
   6.3943523e-01
   6.3749486e-01
   6.3802987e-01
   6.3999081e-01
   6.4289099e-01
   6.4396608e-01
   6.4352709e-01
   6.4272588e-01
   6.4293188e-01
   6.4413100e-01
   6.4684010e-01
   6.5004212e-01
   6.5093207e-01
   6.4955372e-01
   6.4914984e-01
   6.4862078e-01
   6.4929813e-01
   6.5165484e-01
   6.5211093e-01
   6.5001363e-01
   6.4697433e-01
   6.4350188e-01
   6.3986182e-01
   6.3794535e-01
   6.3648379e-01
   6.3077170e-01
   6.2267953e-01
   6.1434382e-01
   6.0520518e-01
   5.9608912e-01
   5.8758789e-01
   5.7733011e-01
   5.6388563e-01
   5.4813403e-01
   5.3147084e-01
   5.1277471e-01
   4.9470425e-01
   4.7751263e-01
   4.5657787e-01
   4.3196693e-01
   4.0718657e-01
   3.8106343e-01
   3.5308027e-01
   3.2746467e-01
   3.0045956e-01
   2.7029893e-01
   2.4058211e-01
   2.1160062e-01
   1.8173477e-01
   1.5099807e-01
   1.2218659e-01
   9.1994479e-02
   6.1234117e-02
   3.3364773e-02
   7.2119692e-03
   2.0204216e-02
   5.2308969e-02
   8.7439954e-02
   1.2160479e-01
   1.5447359e-01
   1.8783832e-01
   2.1560745e-01
   2.4424390e-01
   2.7118230e-01
   2.9954875e-01
   3.2681468e-01
   3.5069379e-01
   3.7196648e-01
   3.9566785e-01
   4.1943514e-01
   4.4386950e-01
   4.6762618e-01
   4.8826453e-01
   5.0555205e-01
   5.2196527e-01
   5.3769952e-01
   5.5356389e-01
   5.6939518e-01
   5.8315057e-01
   5.9306562e-01
   6.0156280e-01
   6.0978991e-01
   6.1677694e-01
   6.2474382e-01
   6.3326740e-01
   6.3847733e-01
   6.4096296e-01
   6.4297533e-01
   6.4459604e-01
   6.4588958e-01
   6.4950216e-01
   6.5250444e-01
   6.5247142e-01
   6.5127212e-01
   6.4983153e-01
   6.4784592e-01
   6.4752823e-01
   6.4974654e-01
   6.5003258e-01
   6.4792776e-01
   6.4607680e-01
   6.4345396e-01
   6.4152187e-01
   6.4240402e-01
   6.4412063e-01
   6.4373857e-01
   6.4218122e-01
   6.4104635e-01
   6.3942671e-01
   6.3932657e-01
   6.4214027e-01
   6.4452714e-01
   6.4427125e-01
   6.4411604e-01
   6.4362466e-01
   6.4332718e-01
   6.4550203e-01
   6.4945656e-01
   6.5095419e-01
   6.5149385e-01
   6.5089405e-01
   6.4987636e-01
   6.4966071e-01
   6.5172392e-01
   6.5404338e-01
   6.5397787e-01
   6.5195042e-01
   6.4857113e-01
   6.4513344e-01
   6.4223611e-01
   6.4040327e-01
   6.3757372e-01
   6.3278234e-01
   6.2538397e-01
   6.1626464e-01
   6.0723293e-01
   5.9840578e-01
   5.9002769e-01
   5.8068746e-01
   5.6678259e-01
   5.5037665e-01
   5.3401124e-01
   5.1655489e-01
   4.9822718e-01
   4.8074362e-01
   4.6022826e-01
   4.3613091e-01
   4.1078591e-01
   3.8545775e-01
   3.5896876e-01
   3.3187038e-01
   3.0594617e-01
   2.7691749e-01
   2.4544457e-01
   2.1626766e-01
   1.8706879e-01
   1.5702398e-01
   1.2601827e-01
   9.6781462e-02
   6.6417485e-02
   3.8273584e-02
   1.2141260e-02
   1.6331535e-02
   4.6845224e-02
   8.1644550e-02
   1.1664558e-01
   1.4900780e-01
   1.7846183e-01
   2.1097539e-01
   2.3947005e-01
   2.6845372e-01
   2.9473230e-01
   3.2193959e-01
   3.4665558e-01
   3.6904863e-01
   3.9050645e-01
   4.1598153e-01
   4.4045600e-01
   4.6340334e-01
   4.8437497e-01
   5.0227273e-01
   5.1871407e-01
   5.3456265e-01
   5.5122912e-01
   5.6670833e-01
   5.8007735e-01
   5.9053886e-01
   5.9855902e-01
   6.0694575e-01
   6.1494434e-01
   6.2291843e-01
   6.3088036e-01
   6.3602346e-01
   6.3847101e-01
   6.4049971e-01
   6.4251351e-01
   6.4507622e-01
   6.4825994e-01
   6.5139329e-01
   6.5100151e-01
   6.4915544e-01
   6.4778525e-01
   6.4669454e-01
   6.4707476e-01
   6.4866263e-01
   6.4880693e-01
   6.4603806e-01
   6.4421862e-01
   6.4201862e-01
   6.4048886e-01
   6.4106238e-01
   6.4315265e-01
   6.4255768e-01
   6.4049065e-01
   6.3941151e-01
   6.3780397e-01
   6.3787675e-01
   6.4105332e-01
   6.4313358e-01
   6.4261973e-01
   6.4200240e-01
   6.4212245e-01
   6.4160460e-01
   6.4428264e-01
   6.4859265e-01
   6.4996344e-01
   6.4931488e-01
   6.4941800e-01
   6.4801961e-01
   6.4816880e-01
   6.5085405e-01
   6.5297097e-01
   6.5205604e-01
   6.4999276e-01
   6.4701414e-01
   6.4303297e-01
   6.4138716e-01
   6.4044106e-01
   6.3765907e-01
   6.3203210e-01
   6.2473661e-01
   6.1613405e-01
   6.0728323e-01
   5.9988499e-01
   5.9101462e-01
   5.8023262e-01
   5.6718850e-01
   5.5133414e-01
   5.3445739e-01
   5.1819372e-01
   5.0131911e-01
   4.8249233e-01
   4.6168849e-01
   4.3830866e-01
   4.1303009e-01
   3.8771957e-01
   3.6212820e-01
   3.3557856e-01
   3.0706635e-01
   2.7984601e-01
   2.5015390e-01
   2.1859911e-01
   1.9033951e-01
   1.6120996e-01
   1.3062815e-01
   9.9697217e-02
   7.0077024e-02
   4.1066516e-02
   1.4379089e-02
   1.2592898e-02
   4.2719491e-02
   7.7036619e-02
   1.1199278e-01
   1.4559147e-01
   1.7778108e-01
   2.0477903e-01
   2.3522279e-01
   2.6494625e-01
   2.9329938e-01
   3.1761476e-01
   3.4260827e-01
   3.6623982e-01
   3.8895437e-01
   4.1256371e-01
   4.3881252e-01
   4.6162468e-01
   4.8166814e-01
   5.0048339e-01
   5.1736832e-01
   5.3324115e-01
   5.5046767e-01
   5.6665367e-01
   5.7957643e-01
   5.8993053e-01
   5.9909898e-01
   6.0639477e-01
   6.1440814e-01
   6.2436002e-01
   6.3193595e-01
   6.3652670e-01
   6.3961452e-01
   6.4154768e-01
   6.4308363e-01
   6.4629680e-01
   6.5031719e-01
   6.5191215e-01
   6.5168267e-01
   6.5091997e-01
   6.4892411e-01
   6.4833492e-01
   6.4965874e-01
   6.5095544e-01
   6.5063339e-01
   6.4828479e-01
   6.4533329e-01
   6.4275330e-01
   6.4237171e-01
   6.4393646e-01
   6.4452863e-01
   6.4420182e-01
   6.4208108e-01
   6.4012003e-01
   6.3921165e-01
   6.4009613e-01
   6.4262712e-01
   6.4442122e-01
   6.4402443e-01
   6.4314336e-01
   6.4253312e-01
   6.4345330e-01
   6.4556253e-01
   6.4883792e-01
   6.5096718e-01
   6.5033454e-01
   6.4988035e-01
   6.4938968e-01
   6.4947069e-01
   6.5188491e-01
   6.5465343e-01
   6.5330154e-01
   6.5088594e-01
   6.4868563e-01
   6.4546496e-01
   6.4319658e-01
   6.4266980e-01
   6.3988638e-01
   6.3356322e-01
   6.2670970e-01
   6.1857986e-01
   6.0923564e-01
   6.0217595e-01
   5.9511149e-01
   5.8395731e-01
   5.6991380e-01
   5.5494666e-01
   5.3855431e-01
   5.2173120e-01
   5.0590831e-01
   4.8781303e-01
   4.6534607e-01
   4.4246462e-01
   4.1845244e-01
   3.9197379e-01
   3.6744875e-01
   3.4141028e-01
   3.1309280e-01
   2.8340003e-01
   2.5539604e-01
   2.2554599e-01
   1.9496211e-01
   1.6600657e-01
   1.3614668e-01
   1.0513375e-01
   7.4747533e-02
   4.5992043e-02
   1.9009115e-02
   9.1466131e-03
   3.6993898e-02
   7.0952445e-02
   1.0727040e-01
   1.4043331e-01
   1.7060499e-01
   2.0297554e-01
   2.3062648e-01
   2.5846699e-01
   2.8855228e-01
   3.1484696e-01
   3.3804744e-01
   3.6148852e-01
   3.8468915e-01
   4.0856308e-01
   4.3302563e-01
   4.5691088e-01
   4.7711390e-01
   4.9568638e-01
   5.1376265e-01
   5.3052819e-01
   5.4723173e-01
   5.6394148e-01
   5.7673109e-01
   5.8644295e-01
   5.9573269e-01
   6.0406280e-01
   6.1257058e-01
   6.2218457e-01
   6.3016468e-01
   6.3400304e-01
   6.3659328e-01
   6.3919544e-01
   6.4139664e-01
   6.4478040e-01
   6.4963043e-01
   6.5111285e-01
   6.5033221e-01
   6.4962965e-01
   6.4795768e-01
   6.4679736e-01
   6.4887446e-01
   6.5002990e-01
   6.4800465e-01
   6.4601380e-01
   6.4388412e-01
   6.4141458e-01
   6.4128739e-01
   6.4331532e-01
   6.4330691e-01
   6.4184642e-01
   6.4044005e-01
   6.3853562e-01
   6.3738525e-01
   6.3892722e-01
   6.4173591e-01
   6.4223731e-01
   6.4229679e-01
   6.4152467e-01
   6.4065844e-01
   6.4172852e-01
   6.4484924e-01
   6.4797175e-01
   6.4912230e-01
   6.4892530e-01
   6.4820582e-01
   6.4772195e-01
   6.4898306e-01
   6.5128517e-01
   6.5263057e-01
   6.5247881e-01
   6.4981049e-01
   6.4641637e-01
   6.4442694e-01
   6.4327449e-01
   6.4200515e-01
   6.3886791e-01
   6.3342577e-01
   6.2554991e-01
   6.1800373e-01
   6.1033875e-01
   6.0320115e-01
   5.9522092e-01
   5.8404857e-01
   5.7060224e-01
   5.5568570e-01
   5.4038036e-01
   5.2378261e-01
   5.0734764e-01
   4.8967239e-01
   4.6851876e-01
   4.4494072e-01
   4.2075405e-01
   3.9533836e-01
   3.6936575e-01
   3.4431168e-01
   3.1678560e-01
   2.8683200e-01
   2.5647745e-01
   2.2851451e-01
   1.9898374e-01
   1.6844618e-01
   1.4020637e-01
   1.0916328e-01
   7.8876033e-02
   4.9207337e-02
   2.2044001e-02
   4.7924574e-03
   3.3268634e-02
   6.6949837e-02
   1.0109923e-01
   1.3552633e-01
   1.6958645e-01
   1.9805807e-01
   2.2800352e-01
   2.5713617e-01
   2.8372505e-01
   3.1156632e-01
   3.3596146e-01
   3.5813192e-01
   3.8198870e-01
   4.0682685e-01
   4.3177792e-01
   4.5479405e-01
   4.7607657e-01
   4.9462128e-01
   5.1232743e-01
   5.3000212e-01
   5.4735821e-01
   5.6281203e-01
   5.7621032e-01
   5.8650815e-01
   5.9566098e-01
   6.0447788e-01
   6.1358875e-01
   6.2277740e-01
   6.3032156e-01
   6.3513529e-01
   6.3790357e-01
   6.4023381e-01
   6.4321196e-01
   6.4736837e-01
   6.5097874e-01
   6.5279895e-01
   6.5190816e-01
   6.5012199e-01
   6.4909756e-01
   6.4854139e-01
   6.5029508e-01
   6.5188468e-01
   6.5041590e-01
   6.4745319e-01
   6.4501989e-01
   6.4321315e-01
   6.4316368e-01
   6.4467508e-01
   6.4509100e-01
   6.4313996e-01
   6.4104921e-01
   6.4011449e-01
   6.3912076e-01
   6.4055485e-01
   6.4409119e-01
   6.4410317e-01
   6.4307034e-01
   6.4274091e-01
   6.4210808e-01
   6.4286524e-01
   6.4628983e-01
   6.4955258e-01
   6.4963096e-01
   6.4922279e-01
   6.4898938e-01
   6.4878970e-01
   6.4995152e-01
   6.5335673e-01
   6.5419614e-01
   6.5260094e-01
   6.5096736e-01
   6.4833367e-01
   6.4569151e-01
   6.4517033e-01
   6.4476192e-01
   6.4064974e-01
   6.3458449e-01
   6.2808013e-01
   6.2009549e-01
   6.1254668e-01
   6.0591656e-01
   5.9759599e-01
   5.8695847e-01
   5.7347578e-01
   5.5860662e-01
   5.4319680e-01
   5.2778560e-01
   5.1157904e-01
   4.9304956e-01
   4.7199523e-01
   4.4894946e-01
   4.2418611e-01
   4.0027368e-01
   3.7568372e-01
   3.4898669e-01
   3.2195336e-01
   2.9305539e-01
   2.6276350e-01
   2.3306404e-01
   2.0466658e-01
   1.7529829e-01
   1.4347428e-01
   1.1402739e-01
   8.3430253e-02
   5.3885199e-02
   2.7026584e-02
   4.0221815e-03
   2.8144332e-02
   6.1541464e-02
   9.6611701e-02
   1.3004705e-01
   1.6069777e-01
   1.9359851e-01
   2.2365087e-01
   2.5277248e-01
   2.7972603e-01
   3.0508354e-01
   3.3097088e-01
   3.5514906e-01
   3.7723216e-01
   4.0278003e-01
   4.2796710e-01
   4.5027053e-01
   4.7092941e-01
   4.9052128e-01
   5.0800365e-01
   5.2567935e-01
   5.4460835e-01
   5.5985427e-01
   5.7250571e-01
   5.8364803e-01
   5.9288359e-01
   6.0147017e-01
   6.1166984e-01
   6.2091714e-01
   6.2762660e-01
   6.3237286e-01
   6.3575560e-01
   6.3774270e-01
   6.4088625e-01
   6.4577436e-01
   6.4942610e-01
   6.5031868e-01
   6.4977276e-01
   6.4861840e-01
   6.4740556e-01
   6.4810950e-01
   6.4972043e-01
   6.5001363e-01
   6.4835232e-01
   6.4594656e-01
   6.4334494e-01
   6.4183336e-01
   6.4260125e-01
   6.4329880e-01
   6.4354318e-01
   6.4187270e-01
   6.3951701e-01
   6.3782710e-01
   6.3766450e-01
   6.3946307e-01
   6.4146477e-01
   6.4218783e-01
   6.4099401e-01
   6.4031363e-01
   6.4034539e-01
   6.4163792e-01
   6.4523900e-01
   6.4811343e-01
   6.4835739e-01
   6.4787865e-01
   6.4754134e-01
   6.4776641e-01
   6.4917094e-01
   6.5280133e-01
   6.5330184e-01
   6.5115970e-01
   6.4900023e-01
   6.4717996e-01
   6.4478916e-01
   6.4448398e-01
   6.4428806e-01
   6.4024276e-01
   6.3383228e-01
   6.2718517e-01
   6.1922663e-01
   6.1268240e-01
   6.0689294e-01
   5.9852636e-01
   5.8636308e-01
   5.7358068e-01
   5.5923611e-01
   5.4349440e-01
   5.2917302e-01
   5.1398081e-01
   4.9468744e-01
   4.7316635e-01
   4.5087332e-01
   4.2689493e-01
   4.0215918e-01
   3.7818265e-01
   3.5229400e-01
   3.2302648e-01
   2.9575568e-01
   2.6638463e-01
   2.3567133e-01
   2.0715486e-01
   1.7858960e-01
   1.4939843e-01
   1.1700198e-01
   8.7451071e-02
   5.6999352e-02
   2.9712085e-02
   3.1964290e-03
   2.4677742e-02
   5.7289958e-02
   9.1488749e-02
   1.2616882e-01
   1.5888442e-01
   1.8750751e-01
   2.1854316e-01
   2.4965036e-01
   2.7720237e-01
   3.0303085e-01
   3.2779595e-01
   3.5284871e-01
   3.7636611e-01
   4.0049449e-01
   4.2624211e-01
   4.4842166e-01
   4.6920285e-01
   4.8872492e-01
   5.0710064e-01
   5.2545214e-01
   5.4413462e-01
   5.6008309e-01
   5.7170683e-01
   5.8259445e-01
   5.9259290e-01
   6.0147482e-01
   6.1177313e-01
   6.2223893e-01
   6.2882560e-01
   6.3278884e-01
   6.3647747e-01
   6.3894081e-01
   6.4186430e-01
   6.4727241e-01
   6.5073884e-01
   6.5111917e-01
   6.5084326e-01
   6.4974052e-01
   6.4851725e-01
   6.4942217e-01
   6.5176833e-01
   6.5145779e-01
   6.4947933e-01
   6.4741927e-01
   6.4487380e-01
   6.4308536e-01
   6.4450896e-01
   6.4557546e-01
   6.4503789e-01
   6.4345443e-01
   6.4111680e-01
   6.3899589e-01
   6.3968772e-01
   6.4190203e-01
   6.4357638e-01
   6.4383167e-01
   6.4262152e-01
   6.4171040e-01
   6.4176220e-01
   6.4360625e-01
   6.4702183e-01
   6.4935571e-01
   6.4991117e-01
   6.4919066e-01
   6.4891285e-01
   6.4954889e-01
   6.5140748e-01
   6.5385228e-01
   6.5510595e-01
   6.5352941e-01
   6.5116739e-01
   6.4894503e-01
   6.4742386e-01
   6.4731055e-01
   6.4635247e-01
   6.4262801e-01
   6.3574392e-01
   6.2924981e-01
   6.2241220e-01
   6.1574858e-01
   6.0970575e-01
   6.0192674e-01
   5.8990854e-01
   5.7599747e-01
   5.6238127e-01
   5.4753602e-01
   5.3238940e-01
   5.1767826e-01
   4.9872985e-01
   4.7683400e-01
   4.5456296e-01
   4.3134063e-01
   4.0703100e-01
   3.8318041e-01
   3.5775715e-01
   3.2936180e-01
   2.9905945e-01
   2.7112204e-01
   2.4235603e-01
   2.1202826e-01
   1.8352914e-01
   1.5360919e-01
   1.2325211e-01
   9.1499560e-02
   6.2617697e-02
   3.4286954e-02
   8.5698022e-03
   1.9789150e-02
   5.1257327e-02
   8.6741693e-02
   1.2086020e-01
   1.5263410e-01
   1.8564582e-01
   2.1443351e-01
   2.4225838e-01
   2.7312696e-01
   2.9879868e-01
   3.2326132e-01
   3.4696376e-01
   3.7229002e-01
   3.9602107e-01
   4.2031541e-01
   4.4413611e-01
   4.6453738e-01
   4.8362833e-01
   5.0296587e-01
   5.2266639e-01
   5.4039490e-01
   5.5614430e-01
   5.6882459e-01
   5.7923961e-01
   5.8890426e-01
   5.9946781e-01
   6.1019051e-01
   6.1948448e-01
   6.2630981e-01
   6.3048780e-01
   6.3337666e-01
   6.3693017e-01
   6.4112109e-01
   6.4561707e-01
   6.4908284e-01
   6.4960670e-01
   6.4858949e-01
   6.4790720e-01
   6.4745021e-01
   6.4844352e-01
   6.5031171e-01
   6.5061027e-01
   6.4816046e-01
   6.4536560e-01
   6.4348996e-01
   6.4228755e-01
   6.4310962e-01
   6.4450127e-01
   6.4328414e-01
   6.4055121e-01
   6.3925648e-01
   6.3787335e-01
   6.3782209e-01
   6.4093769e-01
   6.4240003e-01
   6.4138716e-01
   6.4104897e-01
   6.4048618e-01
   6.3985437e-01
   6.4249122e-01
   6.4620668e-01
   6.4727116e-01
   6.4719987e-01
   6.4714515e-01
   6.4669937e-01
   6.4748770e-01
   6.5060627e-01
   6.5247828e-01
   6.5284312e-01
   6.5158665e-01
   6.4943892e-01
   6.4696366e-01
   6.4652294e-01
   6.4675224e-01
   6.4513731e-01
   6.4070731e-01
   6.3520044e-01
   6.2783676e-01
   6.2147331e-01
   6.1563289e-01
   6.0991836e-01
   6.0128826e-01
   5.9013951e-01
   5.7690787e-01
   5.6241393e-01
   5.4860234e-01
   5.3472155e-01
   5.1846111e-01
   5.0051767e-01
   4.7943601e-01
   4.5634577e-01
   4.3339366e-01
   4.1022828e-01
   3.8538325e-01
   3.6022639e-01
   3.3213291e-01
   3.0317917e-01
   2.7278128e-01
   2.4507786e-01
   2.1668947e-01
   1.8639463e-01
   1.5683927e-01
   1.2664922e-01
   9.6359082e-02
   6.5208897e-02
   3.7825700e-02
   1.0749799e-02
   1.6616475e-02
   4.7542237e-02
   8.1487685e-02
   1.1667582e-01
   1.5070200e-01
   1.8081176e-01
   2.1153860e-01
   2.4180561e-01
   2.6768115e-01
   2.9591694e-01
   3.2095236e-01
   3.4473866e-01
   3.6892200e-01
   3.9509821e-01
   4.1855550e-01
   4.4110203e-01
   4.6276826e-01
   4.8238593e-01
   5.0108391e-01
   5.2167702e-01
   5.3986955e-01
   5.5491251e-01
   5.6804365e-01
   5.7944930e-01
   5.8886403e-01
   5.9935731e-01
   6.1083853e-01
   6.2006098e-01
   6.2603217e-01
   6.3111144e-01
   6.3426614e-01
   6.3764822e-01
   6.4231253e-01
   6.4765704e-01
   6.5035921e-01
   6.5109015e-01
   6.4999425e-01
   6.4874786e-01
   6.4874107e-01
   6.5052927e-01
   6.5196151e-01
   6.5180284e-01
   6.4977813e-01
   6.4699429e-01
   6.4495856e-01
   6.4393550e-01
   6.4515716e-01
   6.4592147e-01
   6.4493006e-01
   6.4276522e-01
   6.4028496e-01
   6.3952166e-01
   6.4049178e-01
   6.4245486e-01
   6.4403605e-01
   6.4315522e-01
   6.4152670e-01
   6.4118940e-01
   6.4198935e-01
   6.4427328e-01
   6.4726722e-01
   6.4844686e-01
   6.4850104e-01
   6.4825404e-01
   6.4793956e-01
   6.4893377e-01
   6.5195239e-01
   6.5456098e-01
   6.5412939e-01
   6.5215462e-01
   6.5070188e-01
   6.4844203e-01
   6.4812648e-01
   6.4891052e-01
   6.4734977e-01
   6.4238507e-01
   6.3694197e-01
   6.3057905e-01
   6.2365037e-01
   6.1852974e-01
   6.1343288e-01
   6.0369986e-01
   5.9210473e-01
   5.8002818e-01
   5.6598508e-01
   5.5157799e-01
   5.3877312e-01
   5.2302825e-01
   5.0378346e-01
   4.8300150e-01
   4.6104190e-01
   4.3760234e-01
   4.1499433e-01
   3.9177236e-01
   3.6485049e-01
   3.3717990e-01
   3.0900219e-01
   2.7952370e-01
   2.4887513e-01
   2.2172982e-01
   1.9340827e-01
   1.6129719e-01
   1.3147546e-01
   1.0099864e-01
   7.0981935e-02
   4.2134780e-02
   1.6208831e-02
   1.2249097e-02
   4.1896023e-02
   7.6510377e-02
   1.1011188e-01
   1.4247778e-01
   1.7716140e-01
   2.0789598e-01
   2.3655038e-01
   2.6470914e-01
   2.8943384e-01
   3.1682259e-01
   3.4129512e-01
   3.6542895e-01
   3.8938019e-01
   4.1383588e-01
   4.3621311e-01
   4.5737866e-01
   4.7789800e-01
   4.9743158e-01
   5.1717234e-01
   5.3642321e-01
   5.5103409e-01
   5.6370819e-01
   5.7564324e-01
   5.8600146e-01
   5.9669507e-01
   6.0850036e-01
   6.1740446e-01
   6.2375236e-01
   6.2855375e-01
   6.3235039e-01
   6.3532782e-01
   6.4082730e-01
   6.4603484e-01
   6.4829963e-01
   6.4797640e-01
   6.4862448e-01
   6.4779437e-01
   6.4770699e-01
   6.5000218e-01
   6.5133679e-01
   6.5033853e-01
   6.4837456e-01
   6.4566290e-01
   6.4324409e-01
   6.4297354e-01
   6.4497465e-01
   6.4506191e-01
   6.4314157e-01
   6.4139402e-01
   6.3903570e-01
   6.3830924e-01
   6.3989568e-01
   6.4217544e-01
   6.4222097e-01
   6.4142495e-01
   6.4037949e-01
   6.3950706e-01
   6.4042151e-01
   6.4335507e-01
   6.4590573e-01
   6.4722884e-01
   6.4702779e-01
   6.4604580e-01
   6.4589638e-01
   6.4820731e-01
   6.5094793e-01
   6.5240330e-01
   6.5277255e-01
   6.5060639e-01
   6.4875090e-01
   6.4775902e-01
   6.4791083e-01
   6.4790809e-01
   6.4651948e-01
   6.4171267e-01
   6.3557523e-01
   6.2998337e-01
   6.2363440e-01
   6.1833549e-01
   6.1254501e-01
   6.0331237e-01
   5.9168988e-01
   5.7943606e-01
   5.6603193e-01
   5.5283171e-01
   5.3947824e-01
   5.2413636e-01
   5.0539076e-01
   4.8426309e-01
   4.6297643e-01
   4.4027084e-01
   4.1731137e-01
   3.9462477e-01
   3.6800262e-01
   3.3912602e-01
   3.1108785e-01
   2.8254920e-01
   2.5351372e-01
   2.2429374e-01
   1.9628178e-01
   1.6622643e-01
   1.3460603e-01
   1.0471710e-01
   7.4065097e-02
   4.5639545e-02
   1.8460099e-02
   8.6794663e-03
   3.7915953e-02
   7.1301699e-02
   1.0639207e-01
   1.4017108e-01
   1.7074250e-01
   2.0296580e-01
   2.3432136e-01
   2.6123825e-01
   2.8764445e-01
   3.1204271e-01
   3.3881748e-01
   3.6409938e-01
   3.8724601e-01
   4.1164005e-01
   4.3448228e-01
   4.5564741e-01
   4.7645944e-01
   4.9692941e-01
   5.1649845e-01
   5.3482527e-01
   5.5046010e-01
   5.6327486e-01
   5.7454443e-01
   5.8597690e-01
   5.9723639e-01
   6.0898858e-01
   6.1830634e-01
   6.2436408e-01
   6.2901944e-01
   6.3288683e-01
   6.3671386e-01
   6.4262438e-01
   6.4749056e-01
   6.4962894e-01
   6.4975393e-01
   6.4911234e-01
   6.4875829e-01
   6.4950049e-01
   6.5172929e-01
   6.5313154e-01
   6.5179640e-01
   6.4915109e-01
   6.4742362e-01
   6.4514494e-01
   6.4518392e-01
   6.4698154e-01
   6.4684296e-01
   6.4467740e-01
   6.4298803e-01
   6.4112478e-01
   6.3949507e-01
   6.4136887e-01
   6.4394903e-01
   6.4397341e-01
   6.4242828e-01
   6.4168793e-01
   6.4062089e-01
   6.4168078e-01
   6.4530617e-01
   6.4779800e-01
   6.4779907e-01
   6.4799112e-01
   6.4721775e-01
   6.4689767e-01
   6.4959806e-01
   6.5300530e-01
   6.5390283e-01
   6.5342885e-01
   6.5240729e-01
   6.5020359e-01
   6.4882147e-01
   6.4984620e-01
   6.4993620e-01
   6.4757740e-01
   6.4312720e-01
   6.3718760e-01
   6.3092965e-01
   6.2609708e-01
   6.2164038e-01
   6.1540467e-01
   6.0644466e-01
   5.9535640e-01
   5.8193099e-01
   5.6914520e-01
   5.5651867e-01
   5.4297924e-01
   5.2748817e-01
   5.0911325e-01
   4.8847437e-01
   4.6667224e-01
   4.4490895e-01
   4.2212021e-01
   3.9818922e-01
   3.7253425e-01
   3.4446427e-01
   3.1410658e-01
   2.8657255e-01
   2.5848150e-01
   2.2865206e-01
   1.9910143e-01
   1.6940136e-01
   1.3913789e-01
   1.0678069e-01
   7.7873103e-02
   4.8871733e-02
   2.2082545e-02