   6.1219925e-01
   6.1319584e-01
   6.1632192e-01
   6.1557698e-01
   6.1539078e-01
   6.1320746e-01
   6.1254197e-01
   6.1289966e-01
   6.1469591e-01
   6.1618555e-01
   6.1616468e-01
   6.1436433e-01
   6.1337829e-01
   6.1157006e-01
   6.1585659e-01
   6.1146498e-01
   6.3964593e-01
   6.5859455e-01
   6.5768003e-01
   6.5480554e-01
   6.5511906e-01
   6.5572560e-01
   6.5865523e-01
   6.5560830e-01
   6.1636913e-01
   6.1397141e-01
   6.1130565e-01
   6.1336696e-01
   6.1446309e-01
   6.1550266e-01
   6.1876410e-01
   6.1091310e-01
   6.3871378e-01
   6.5411049e-01
   6.5633911e-01
   6.5657127e-01
   6.5977210e-01
   6.5817088e-01
   6.5680861e-01
   6.5566850e-01
   6.5487534e-01
   6.5544325e-01
   6.5795916e-01
   6.5966350e-01
   6.5817976e-01
   6.5642595e-01
   6.5636963e-01
   6.5393186e-01
   6.5741545e-01
   6.2005693e-01
   6.1821222e-01
   6.1284667e-01
   6.1455280e-01
   6.1091250e-01
   6.1481494e-01
   6.1228436e-01
   6.3264751e-01
   6.5823799e-01
   6.5767527e-01
   6.5588886e-01
   6.5535092e-01
   6.5600806e-01
   6.5870351e-01
   6.5960330e-01
   6.5845615e-01
   6.5755379e-01
   6.5587628e-01
   6.5510213e-01
   6.5712470e-01
   6.5967399e-01
   6.5917569e-01
   6.5861470e-01
   6.5708792e-01
   6.5516186e-01
   6.5555024e-01
   6.5834135e-01
   6.5977561e-01
   6.5877718e-01
   6.5853941e-01
   6.5452892e-01
   6.5827930e-01
   6.4032733e-01
   6.1599386e-01
   6.1680865e-01
   6.1554945e-01
   6.1390215e-01
   6.1297476e-01
   6.1297852e-01
   6.1457515e-01
   6.1654770e-01
   6.1651736e-01
   6.1489367e-01
   6.1338294e-01
   6.1276138e-01
   6.1233425e-01
   6.1708510e-01
   6.1314553e-01
   6.3526845e-01
   6.5702027e-01
   6.5635949e-01
   6.5491480e-01
   6.5674275e-01
   6.5849411e-01
   6.6005784e-01
   6.5912175e-01
   6.5713924e-01
   6.5564257e-01
   6.5548813e-01
   6.5677345e-01
   6.5891290e-01
   6.6102058e-01
   6.5648252e-01
   6.6143000e-01
   6.2665981e-01
   6.1434084e-01
   6.1374688e-01
   6.1807799e-01
   6.1579204e-01
   6.1469412e-01
   6.1349893e-01
   6.1344486e-01
   6.1389846e-01
   6.1621344e-01
   6.1725932e-01
   6.1563194e-01
   6.1392123e-01
   6.1381954e-01
   6.1237639e-01
   6.1545163e-01
   6.1700284e-01
   6.5112525e-01
   6.5781516e-01
   6.5794760e-01
   6.5476292e-01
   6.5607649e-01
   6.5760225e-01
   6.6003633e-01
   6.5914828e-01
   6.5796661e-01
   6.5663177e-01
   6.5520608e-01
   6.5576452e-01
   6.5903527e-01
   6.5977061e-01
   6.5906882e-01
   6.5337020e-01
   6.1422038e-01
   6.1390299e-01
   6.1332726e-01
   6.1738479e-01
   6.1646223e-01
   6.1526042e-01
   6.1390674e-01
   6.1313683e-01
   6.1306769e-01
   6.1577249e-01
   6.1733896e-01
   6.1624318e-01
   6.1496222e-01
   6.1247778e-01
   6.1413878e-01
   6.1098313e-01
   6.2974226e-01
   6.5814942e-01
   6.5879625e-01
   6.5774006e-01
   6.5625715e-01
   6.5505892e-01
   6.5722960e-01
   6.5928006e-01
   6.5993279e-01
   6.5895128e-01
   6.5759110e-01
   6.5528822e-01
   6.5534759e-01
   6.5886998e-01
   6.5754771e-01
   6.6431552e-01
   6.3433099e-01
   6.1338133e-01
   6.1259657e-01
   6.1487430e-01
   6.1540377e-01
   6.1729139e-01
   6.1615670e-01
   6.1385399e-01
   6.1279804e-01
   6.1334735e-01
   6.1476803e-01
   6.1649519e-01
   6.1697638e-01
   6.1525434e-01
   6.1251199e-01
   6.1478746e-01
   6.1094397e-01
   6.4520717e-01
   6.5860981e-01
   6.6060251e-01
   6.5732217e-01
   6.5708649e-01
   6.5554678e-01
   6.5616030e-01
   6.5820527e-01
   6.6038322e-01
   6.5958571e-01
   6.5772468e-01
   6.5607709e-01
   6.5542448e-01
   6.5691417e-01
   6.5806055e-01
   6.6001719e-01
   6.1877495e-01
   6.1543834e-01
   6.1186624e-01
   6.1405331e-01
   6.1446869e-01
   6.1762810e-01
   6.1640966e-01
   6.1456168e-01
   6.1359489e-01
   6.1313957e-01
   6.1371374e-01
   6.1617720e-01
   6.1776763e-01
   6.1574149e-01
   6.1528206e-01
   6.1151439e-01
   6.2174988e-01
   6.5387052e-01
   6.5848976e-01
   6.5984702e-01
   6.5827489e-01
   6.5765363e-01
   6.5601653e-01
   6.5523946e-01
   6.5766156e-01
   6.5973896e-01
   6.5951234e-01
   6.5872920e-01
   6.5657544e-01
   6.5614319e-01
   6.5414482e-01
   6.6266131e-01
   6.4236999e-01
   6.1556089e-01
   6.1445469e-01
   6.1310786e-01
   6.1275518e-01
   6.1479419e-01
   6.1647183e-01
   6.1677533e-01
   6.1534566e-01
   6.1394209e-01
   6.1275923e-01
   6.1322439e-01
   6.1473525e-01
   6.1736518e-01
   6.1568534e-01
   6.1716068e-01
   6.1028081e-01
   6.3865072e-01
   6.5528321e-01
   6.5926152e-01
   6.5928096e-01
   6.6051751e-01
   6.5824866e-01
   6.5621948e-01
   6.5567720e-01
   6.5656108e-01
   6.5888411e-01
   6.5986139e-01
   6.5908277e-01
   6.5697122e-01
   6.5688622e-01
   6.5375620e-01
   6.6056919e-01
   6.2395316e-01
   6.1826944e-01
   6.1361104e-01
   6.1450422e-01
   6.1258322e-01
   6.1361200e-01
   6.1557430e-01
   6.1765158e-01
   6.1637628e-01
   6.1430424e-01
   6.1344033e-01
   6.1297941e-01
   6.1429232e-01
   6.1608058e-01
   6.1707890e-01
   6.1466879e-01
   6.1856705e-01
   6.5167075e-01
   6.5452743e-01
   6.5750003e-01
   6.5937626e-01
   6.5992600e-01
   6.5825659e-01
   6.5731561e-01
   6.5578717e-01
   6.5573138e-01
   6.5855259e-01
   6.5999800e-01
   6.5922463e-01
   6.5888280e-01
   6.5571320e-01
   6.5767902e-01
   6.4437801e-01
   6.1653596e-01
   6.1804402e-01
   6.1529356e-01
   6.1458290e-01
   6.1333913e-01
   6.1317229e-01
   6.1552399e-01
   6.1781275e-01
   6.1748892e-01
   6.1592883e-01
   6.1411768e-01
   6.1340219e-01
   6.1427146e-01
   6.1489075e-01
   6.1926472e-01
   6.1246568e-01
   6.3641387e-01
   6.5591067e-01
   6.5586078e-01
   6.5620238e-01
   6.5971100e-01
   6.5978801e-01
   6.5941650e-01
   6.5794986e-01
   6.5596193e-01
   6.5548104e-01
   6.5737557e-01
   6.5965372e-01
   6.5953505e-01
   6.6010511e-01
   6.5492922e-01
   6.5987533e-01
   6.2460011e-01
   6.1648691e-01
   6.1597025e-01
   6.1769211e-01
   6.1426717e-01
   6.1346471e-01
   6.1301810e-01
   6.1415380e-01
   6.1644214e-01
   6.1749190e-01
   6.1602169e-01
   6.1411524e-01
   6.1331230e-01
   6.1356199e-01
   6.1433721e-01
   6.1736029e-01
   6.1870307e-01
   6.5183437e-01
   6.5613997e-01
   6.5677172e-01
   6.5545547e-01
   6.5858209e-01
   6.6016293e-01
   6.6019160e-01
   6.5812624e-01
   6.5672290e-01
   6.5626979e-01
   6.5648854e-01
   6.5897799e-01
   6.6091615e-01
   6.5909582e-01
   6.5896952e-01
   6.5045118e-01
   6.1360240e-01
   6.1584312e-01
   6.1646646e-01
   6.1802632e-01
   6.1488461e-01
   6.1428940e-01
   6.1340994e-01
   6.1354512e-01
   6.1579865e-01
   6.1737400e-01
   6.1618888e-01
   6.1433709e-01
   6.1407298e-01
   6.1190659e-01
   6.1548334e-01
   6.1335057e-01
   6.3339216e-01
   6.5816844e-01
   6.5788227e-01
   6.5594745e-01
   6.5551364e-01
   6.5698695e-01
   6.5971190e-01
   6.5993708e-01
   6.5863264e-01
   6.5746027e-01
   6.5554929e-01
   6.5541321e-01
   6.5786082e-01
   6.6112447e-01
   6.5751493e-01
   6.6365844e-01
   6.2990022e-01
   6.1330640e-01
   6.1342478e-01
   6.1754715e-01
   6.1649448e-01
   6.1612946e-01
   6.1472344e-01
   6.1292434e-01
   6.1310726e-01
   6.1496747e-01
   6.1728853e-01
   6.1711907e-01
   6.1556995e-01
   6.1424184e-01
   6.1277175e-01
   6.1545086e-01
   6.1418343e-01
   6.4898747e-01
   6.5930980e-01
   6.5953803e-01
   6.5591192e-01
   6.5604031e-01
   6.5597498e-01
   6.5844917e-01
   6.6010642e-01
   6.5930033e-01
   6.5749598e-01
   6.5635496e-01
   6.5583485e-01
   6.5664023e-01
   6.5895748e-01
   6.5995586e-01
   6.5671849e-01
   6.1573923e-01
   6.1469817e-01
   6.1232448e-01
   6.1577713e-01
   6.1666292e-01
   6.1693239e-01
   6.1445981e-01
   6.1366898e-01
   6.1337560e-01
   6.1369038e-01
   6.1611605e-01
   6.1762464e-01
   6.1651653e-01
   6.1372417e-01
   6.1465424e-01
   6.1047632e-01
   6.2568879e-01
   6.5746492e-01
   6.5994406e-01
   6.5919471e-01
   6.5773702e-01
   6.5640587e-01
   6.5554768e-01
   6.5772659e-01
   6.6041160e-01
   6.5978861e-01
   6.5881038e-01
   6.5759557e-01
   6.5555120e-01
   6.5721738e-01
   6.5686333e-01
   6.6466331e-01
   6.3800496e-01
   6.1453867e-01
   6.1328042e-01
   6.1345661e-01
   6.1431640e-01
   6.1685616e-01
   6.1707550e-01
   6.1565578e-01
   6.1401153e-01
   6.1313939e-01
   6.1336476e-01
   6.1561781e-01
   6.1692625e-01
   6.1673063e-01
   6.1416548e-01
   6.1532134e-01
   6.0967869e-01
   6.4195687e-01
   6.5792996e-01
   6.6105390e-01
   6.5852612e-01
   6.5863949e-01
   6.5631753e-01
   6.5532267e-01
   6.5651208e-01
   6.5931612e-01
   6.6003102e-01
   6.5934569e-01
   6.5771389e-01
   6.5547800e-01
   6.5668702e-01
   6.5649348e-01
   6.6093409e-01
   6.2138158e-01
   6.1674672e-01
   6.1246622e-01
   6.1406404e-01
   6.1316353e-01
   6.1618751e-01
   6.1739552e-01
   6.1670196e-01
   6.1446476e-01
   6.1351782e-01
   6.1335713e-01
   6.1451912e-01
   6.1676902e-01
   6.1725628e-01
   6.1673766e-01
   6.1231542e-01
   6.2085599e-01
   6.5285748e-01
   6.5708333e-01
   6.6012007e-01
   6.5987349e-01
   6.5883875e-01
   6.5679520e-01
   6.5622646e-01
   6.5631360e-01
   6.5823853e-01
   6.6033769e-01
   6.5961421e-01
   6.5806025e-01
   6.5772814e-01
   6.5409285e-01
   6.5980995e-01
   6.4368635e-01
   6.1703038e-01
   6.1579943e-01
   6.1431766e-01
   6.1338323e-01
   6.1311418e-01
   6.1506289e-01
   6.1760092e-01
   6.1736244e-01
   6.1501372e-01
   6.1402237e-01
   6.1309004e-01
   6.1322182e-01
   6.1640090e-01
   6.1654067e-01
   6.1835349e-01
   6.1106187e-01
   6.3880748e-01
   6.5513802e-01
   6.5733719e-01
   6.5878052e-01
   6.6088688e-01
   6.5894121e-01
   6.5832907e-01
   6.5648746e-01
   6.5549093e-01
   6.5758860e-01
   6.5962982e-01
   6.6007072e-01
   6.5883350e-01
   6.5888810e-01
   6.5436774e-01
   6.5974301e-01
   6.2463588e-01
   6.1907160e-01
   6.1597645e-01
   6.1652505e-01
   6.1297321e-01
   6.1350214e-01
   6.1483681e-01
   6.1685890e-01
   6.1753553e-01
   6.1670727e-01
   6.1426234e-01
   6.1335593e-01
   6.1391371e-01
   6.1510587e-01
   6.1706990e-01
   6.1678106e-01
   6.1907190e-01
   6.5183300e-01
   6.5469313e-01
   6.5682536e-01
   6.5753770e-01
   6.6006172e-01
   6.5967709e-01
   6.5857095e-01
   6.5652275e-01
   6.5558022e-01
   6.5672189e-01
   6.5894991e-01
   6.6013187e-01
   6.5990865e-01
   6.5675181e-01
   6.5835810e-01
   6.4627177e-01
   6.1476219e-01
   6.1807907e-01
   6.1698145e-01
   6.1551076e-01
   6.1356318e-01
   6.1350036e-01
   6.1401653e-01
   6.1557090e-01
   6.1730945e-01
   6.1661071e-01
   6.1480224e-01
   6.1395729e-01
   6.1345649e-01
   6.1489558e-01
   6.1562699e-01
   6.1952138e-01
   6.1258382e-01